# callgrind format
version: 1
creator: callgrind-3.13.0
pid: 17827
cmd:  ./main
part: 1


desc: I1 cache: 
desc: D1 cache: 
desc: LL cache: 

desc: Timerange: Basic block 0 - 275652136
desc: Trigger: Program termination

positions: line
events: Ir
summary: 2876501954


ob=(1) /lib/x86_64-linux-gnu/ld-2.27.so
fl=(112) /build/glibc-OTsEL5/glibc-2.27/elf/../sysdeps/x86_64/dl-trampoline.h
fn=(450) _dl_runtime_resolve_xsave
71 2
+3 2
+2 2
+10 2
+6 2
+1 2
+1 2
+1 2
+1 2
+1 2
+1 2
+4 2
+1 2
+3 2
+1 2
+2 2
+1 2
+1 2
+1 2
+1 2
+1 2
+2 2
+7 2
+1 2
+1 2
cfi=(113) /build/glibc-OTsEL5/glibc-2.27/elf/../elf/dl-runtime.c
cfn=(452) _dl_fixup
calls=2 -59 
* 2261
+1 2
+5 2
+1 2
+1 2
+2 2
+1 2
+1 2
+1 2
+1 2
+1 2
+1 2
+2 2
+2 2
+4 2
+3 2

fl=(88) /build/glibc-OTsEL5/glibc-2.27/elf/dl-init.c
fn=(354) _dl_init
79 11
+5 1
-4 1
+1 1
+3 2
+8 2
+25 2
+1 12
+1 15
-89 15
+9 4
-3 8
+3 12
+5 9
+5 4
+9 12
cob=(2) ???
cfi=(18) ???
cfn=(388) 0x0000000004c377f0
calls=1 -58 
* 6
cob=(3) /lib/x86_64-linux-gnu/libc-2.27.so
cfi=(90) /build/glibc-OTsEL5/glibc-2.27/csu/../csu/init-first.c
cfn=(366) _init
calls=1 -6 
* 219
* 2
+4 4
+6 4
+2 4
-2 2
+3 2
-1 2
+1 10
+1 8
cob=(4) /lib/x86_64-linux-gnu/libm-2.27.so
cfi=(98) ???
cfn=(392) 0x000000000000bd10
calls=1 -72 
* 17
cob=(3)
cfi=(96) /build/glibc-OTsEL5/glibc-2.27/string/../sysdeps/x86/cacheinfo.c
cfn=(380) init_cacheinfo
calls=1 488 
* 1773
* 2
-1 4
+47 6
+7 8
-80 3
-5 3
-10 3
+57 2
-48 1
-3 2
+3 3
+5 3
+5 2
+9 7
cob=(2)
cfi=(18)
cfn=(356) 0x0000000004a2a520
calls=1 -58 
* 6
* 1
+3 1
+1 2
+6 1
+2 2
-2 2
+3 8
+1 4
cob=(5) /usr/lib/valgrind/vgpreload_core-amd64-linux.so
cfi=(89) ???
cfn=(360) 0x0000000000000640
calls=1 -72 
* 17
-1 5

fl=(53) /build/glibc-OTsEL5/glibc-2.27/elf/dl-version.c
fn=(170) _dl_check_all_versions
362 5
+2 1
-2 3
+4 3
+2 30
cfn=(172) _dl_check_map_versions
calls=5 156 
* 5539
-2 5
+2 20
-2 10
+5 7

fn=(172)
156 35
+15 15
+2 25
+2 5
+1 5
+2 5
-3 5
+1 5
+2 5
+3 9
-16 3
-8 6
+28 3
-4 3
+4 6
+16 3
37 6
201 3
37 15
201 2
37 4
201 2
37 10
+1 16
-1 32
+2 63
cfi=(36) /build/glibc-OTsEL5/glibc-2.27/elf/dl-misc.c
cfn=(116) _dl_name_match_p
calls=21 282 
* 1977
* 42
209 15
+5 5
-71 15
+71 10
-71 15
+79 5
-2 5
-2 10
+4 5
-4 35
+4 5
-2 5
-2 10
+4 5
-4 55
57 12
+8 12
-8 18
+8 18
+6 30
+16 10
+1 20
+2 10
+5 60
+14 150
+12 195
+4 65
-30 130
225 40
+3 30
+5 5
-11 5
111 10
+3 40
cfi=(21) /build/glibc-OTsEL5/glibc-2.27/string/../sysdeps/x86_64/strcmp.S
cfn=(56) strcmp
calls=10 +30 
* 458
* 50
237 20
+5 6
-43 2
+52 9
+3 12
+3 18
+3 12
+4 3
-7 12
+3 9
+4 38
-7 152
+3 117
+8 12
+89 45
-83 16
cfi=(19) /build/glibc-OTsEL5/glibc-2.27/elf/dl-minimal.c
cfn=(42) calloc
calls=4 92 
* 108
* 4
+1 4
-2 4
+2 4
+13 4
+2 4
-5 4
+3 4
+2 4
-2 4
+2 4
+3 12
+4 15
+18 5
-15 15
+2 15
-2 15
+2 15
+2 10
+1 10
-1 20
+1 10
-1 10
+1 10
+1 10
-2 10
+2 20
+1 30
+3 30
+8 15
+5 2
-28 2
+33 12
+3 12
+4 41
+6 41
+1 41
+1 41
-1 123
+1 41
-1 41
+1 41
+1 41
+3 123
+4 41
-14 88
+10 9
-96 2
-86 2
-8 2
+94 3

fl=(33) /build/glibc-OTsEL5/glibc-2.27/string/../sysdeps/x86_64/strcspn.S
fn=(100) strcspn
30 1
+7 1
+1 1
+2 1
+1 1
+1 1
+1 1
+1 33
+3 2
+7 1
+1 1
+1 1
+1 1
+2 1
+1 1
+1 1
+1 1
+2 1
+1 1
+1 1
+9 3
+12 1
+2 1
+1 1
+1 1
-4 11
+2 11
+1 11
+1 11
+2 12
+1 12
+1 12
+2 12
+1 12
+1 12
+2 12
+1 12
+1 12
+2 1
+1 1
+1 1
+2 1
+7 1
+4 1

fl=(6) /build/glibc-OTsEL5/glibc-2.27/elf/dl-lookup.c
fn=(188) _dl_lookup_symbol_x
790 1180
555 118
790 472
555 354
-1 236
+2 118
-1 118
+1 354
-1 354
+1 1439
-1 1439
+1 4317
-1 4435
793 118
-1 118
+4 118
+4 118
-8 118
+1 118
+7 448
+5 354
+6 354
-7 1298
+15 44
-8 66
+2 1534
cfn=(190) do_lookup_x
calls=118 338 
* 52895
+3 568
+25 236
+24 749
+31 107
+9 428
+14 321
+3 428
+5 107
+2 1084
-86 66
+17 11
+1 22
+59 2

fn=(190)
338 826
+1 118
-1 708
+6 236
+12 118
+30 118
-41 118
+41 118
+35 236
-65 590
+14 1461
+8 974
+1 1461
+3 487
+1 974
+4 974
+3 974
-5 487
+5 1461
+3 3409
-99 380
540 2692
+1 288
cfi=(36)
cfn=(116)
calls=96 282 
* 7304
* 384
+3 1140
349 974
+3 974
+4 974
+4 974
+4 974
fi=(55) /build/glibc-OTsEL5/glibc-2.27/elf/../sysdeps/generic/ldsodefs.h
102 321
fe=(6)
503 214
+3 800
-60 14
+64 42
+12 642
+2 107
+24 944
-1 22
397 351
-1 234
+2 234
+2 114
90 342
375 114
90 114
374 114
90 114
400 228
90 228
413 357
-10 1130
+2 428
+2 214
-1 321
78 749
+12 535
+3 409
cfi=(21)
cfn=(56)
calls=39 +51 
* 1715
* 117
+5 107
-1 107
+1 107
+2 212
+19 106
+1 954
452 1070
148 2
+2 5
+30 49
-59 530
cfi=(21)
cfn=(56)
calls=106 +23 
* 4942
* 530

fn=(10) _dl_setup_hash
939 15
+4 5
+4 10
+2 5
-1 5
+3 15
+1 5
+1 5
+3 5
-3 5
+7 5
-4 5
-1 5
+3 5
+2 5
-7 5
+7 5
+1 5

fl=(28) /build/glibc-OTsEL5/glibc-2.27/string/../sysdeps/x86_64/multiarch/memset-vec-unaligned-erms.S
fn=(76) memset
109 80
+2 16
+1 16
+1 6
+1 6
+2 4
+1 4
+2 4
+55 2
+1 2
+10 2
+1 2
+1 2
+1 2
+1 2
+1 2
+1 2
+1 2
+1 2
+1 2
+1 2
+1 2
+1 2
+1 2
+2 31
+1 31
+1 31
+1 31
+1 31
+1 31
+1 31
+1 2
+15 10
+1 10
+1 10
+1 6
+1 6
+1 2
+1 2
+24 4
+1 4
+2 4
+3 4
+1 4
+2 4
+3 2
+1 2
+2 2

fl=(42) /build/glibc-OTsEL5/glibc-2.27/misc/../sysdeps/unix/sysv/linux/mmap64.c
fn=(132) mmap
44 20
+3 10
-6 120
+6 10
+5 100
+2 70
-7 18

fl=(12) /build/glibc-OTsEL5/glibc-2.27/elf/../sysdeps/unix/sysv/linux/x86_64/brk.c
fn=(22) brk
31 7
+8 1
-6 2
+7 1

fl=(35) /build/glibc-OTsEL5/glibc-2.27/setjmp/../sysdeps/x86_64/setjmp.S
fn=(110) __sigsetjmp
26 6
+9 6
+1 12
+1 6
+4 6
+1 6
+1 6
+1 6
+1 6
+2 12
+2 6
+1 6
+1 6
+2 12
+2 6
+4 6
+1 6

fl=(182) /build/glibc-OTsEL5/glibc-2.27/elf/dl-fini.c
fn=(756) _dl_fini
30 8
+20 3
-3 6
+3 4
+3 2
cfi=(2) /build/glibc-OTsEL5/glibc-2.27/elf/rtld.c
cfn=(52) rtld_lock_default_lock_recursive
calls=1 784 
* 2
+2 1
+3 2
+2 8
+8 1
-3 1
+8 1
-5 6
+7 10
+2 10
+2 10
+1 5
+1 5
+4 5
-12 15
+14 6
+1 4
+6 3
cfi=(52) /build/glibc-OTsEL5/glibc-2.27/elf/dl-sort-maps.c
cfn=(164) _dl_sort_maps
calls=1 -66 
* 384
+10 2
cfi=(2)
cfn=(54) rtld_lock_default_unlock_recursive
calls=1 790 
* 2
+5 6
+2 1
+2 3
-2 4
+2 12
+3 10
+3 15
+4 6
+11 3
+1 3
-1 3
+2 3
-2 3
+2 3
+1 21
+1 3
cob=(4)
cfi=(98)
cfn=(798) 0x000000000000bcd0
calls=1 0 
* 95
cob=(5)
cfi=(89)
cfn=(780) 0x0000000000000600
calls=1 0 
* 95
cob=(6) /home/ragon/Documentos/Trabalho_Ratton/COS242-Grafos/main
cfi=(99) ???
cfn=(758) 0x0000000000000b40
calls=1 0 
* 95
* 3
-1 9
+5 6
+1 9
cob=(2)
cfi=(18)
cfn=(814) 0x0000000004cf62f8
calls=1 0 
* 3
cob=(2)
cfi=(18)
cfn=(796) 0x0000000004a2a7a8
calls=1 0 
* 3
cob=(2)
cfi=(18)
cfn=(778) 0x000000000010d444
calls=1 0 
* 3
+6 30
+16 10
-56 12
+62 6
+6 2
+7 8
-90 7
+26 6

fl=(50) /build/glibc-OTsEL5/glibc-2.27/elf/dl-cache.c
fn=(348) _dl_unload_cache
326 4
-1 1
+3 2
cfi=(44) /build/glibc-OTsEL5/glibc-2.27/misc/../sysdeps/unix/syscall-template.S
cfn=(350) munmap
calls=1 78 
* 5
+1 1
+2 2

fn=(154) _dl_load_cache_lookup
187 18
+8 4
+3 6
+45 5
+6 2
-6 1
+6 2
+11 2
-2 2
fi=(51) /build/glibc-OTsEL5/glibc-2.27/elf/../sysdeps/x86/dl-procinfo.h
39 2
fe=(50)
258 4
fi=(51)
39 6
+3 6
cfi=(21)
cfn=(56)
calls=2 144 
* 48
* 4
fe=(50)
264 8
cfi=(9) /build/glibc-OTsEL5/glibc-2.27/elf/dl-tunables.c
cfn=(26) __tunable_get_val
calls=2 373 
* 36
* 2
fi=(26) /build/glibc-OTsEL5/glibc-2.27/elf/../sysdeps/unix/sysv/linux/not-errno.h
28 4
fe=(50)
264 2
fi=(26)
28 4
fe=(50)
266 4
fi=(26)
32 6
fe=(50)
270 4
+15 2
-15 2
+15 290
cfn=(160) _dl_cache_libcmp
calls=18 141 
* 1256
* 110
cfn=(160)
calls=2 141 
* 142
* 14
-84 4
cfi=(36)
cfn=(156) _dl_sysdep_read_whole_file
calls=1 44 
* 107
+8 1
-8 1
+8 4
+1 7
+7 1
-3 1
+3 3
+3 1
+1 2
-1 1
+1 1
+1 8
+63 6
+16 4
+4 4
+8 6
cfi=(13) /build/glibc-OTsEL5/glibc-2.27/string/../sysdeps/x86_64/multiarch/../strlen.S
cfn=(28) strlen
calls=2 79 
* 68
* 4
+1 2
-1 8
+1 4
cfi=(20) /build/glibc-OTsEL5/glibc-2.27/string/../sysdeps/x86_64/multiarch/memmove-vec-unaligned-erms.S
cfn=(48) memcpy
calls=2 129 
* 20
+1 4
cfi=(30) /build/glibc-OTsEL5/glibc-2.27/string/strdup.c
cfn=(86) strdup
calls=2 40 
* 160
+1 16
-19 4
-27 8
+1 6
-1 14
+15 32
fi=(51)
42 6
fe=(50)
297 3

fn=(160)
141 40
+1 44
+2 384
+20 188
+2 340
+4 76
+1 76
-29 152
+32 6
-28 4
+6 2
+2 2
-1 2
-1 4
+1 2
-1 2
+2 6
+2 6
-3 2
+3 2
+2 4
+9 54

fl=(54) /build/glibc-OTsEL5/glibc-2.27/elf/dl-reloc.c
fn=(180) _dl_relocate_object
148 50
+15 5
-15 10
+15 5
+1 25
+6 15
+6 20
+1 10
-19 8
+22 8
+7 5
-32 5
+32 5
+44 5
fi=(5) /build/glibc-OTsEL5/glibc-2.27/elf/../sysdeps/x86_64/dl-machine.h
76 5
fe=(54)
231 10
fi=(5)
76 15
fe=(54)
258 186
-99 3
fi=(5)
481 9
fe=(54)
159 6
+99 3
fi=(4) /build/glibc-OTsEL5/glibc-2.27/elf/do-rel.h
48 3
fe=(54)
258 3
fi=(4)
47 3
+11 3
-11 3
+11 3
-11 3
+11 3
fe=(54)
258 2
-99 2
fi=(5)
481 6
fe=(54)
159 4
+99 2
fi=(4)
48 2
fe=(54)
258 2
fi=(4)
47 2
+11 2
-11 2
+11 2
-11 2
+11 2
fe=(54)
258 5
fi=(4)
48 5
fe=(54)
258 5
fi=(4)
47 5
+11 5
-11 5
+11 5
-11 5
+11 5
+26 7
+14 14
-15 14
+3 28
+12 7
+10 10
+10 21
+6 6
-3 12
+3 6
fi=(5)
491 4
fi=(4)
51 4
fi=(5)
491 4
fi=(4)
50 8
+77 524
+12 262
-3 393
fi=(5)
276 131
fi=(4)
139 131
-2 131
-1 131
+1 131
+1 131
-1 262
fi=(5)
276 131
+21 262
+4 262
+7 524
fi=(55)
102 342
fi=(5)
308 2068
fi=(4)
138 111
fi=(5)
308 222
fi=(4)
138 111
fi=(5)
308 111
fi=(4)
138 111
fi=(5)
308 1554
cfi=(6)
cfn=(188)
calls=111 790 
* 72034
* 666
+2 342
+25 786
fi=(4)
74 6
+1 14
+1 126
fi=(5)
551 63
+24 126
+2 63
cob=(4)
cfi=(82) /build/glibc-OTsEL5/glibc-2.27/math/../sysdeps/x86_64/fpu/multiarch/ifunc-sse4_1.h
cfn=(342) trunc
calls=1 29 
* 6
cob=(4)
cfi=(79) /build/glibc-OTsEL5/glibc-2.27/math/../sysdeps/x86_64/fpu/multiarch/ifunc-avx-fma4.h
cfn=(338) sin
calls=1 33 
* 8
cob=(4)
cfi=(79)
cfn=(334) __atan2_finite
calls=1 33 
* 8
cob=(4)
cfi=(82)
cfn=(332) truncf
calls=1 29 
* 6
cob=(4)
cfi=(78) /build/glibc-OTsEL5/glibc-2.27/math/../sysdeps/x86_64/fpu/multiarch/ifunc-fma.h
cfn=(330) exp2f@@GLIBC_2.27
calls=1 30 
* 8
cob=(4)
cfi=(83) /build/glibc-OTsEL5/glibc-2.27/math/../sysdeps/x86_64/fpu/multiarch/ifunc-fma4.h
cfn=(326) __asin_finite
calls=1 32 
* 8
cob=(4)
cfi=(82)
cfn=(324) floor
calls=1 29 
* 6
cob=(4)
cfi=(82)
cfn=(322) floorf
calls=1 29 
* 6
cob=(4)
cfi=(78)
cfn=(320) sinf
calls=1 30 
* 8
cob=(4)
cfi=(83)
cfn=(316) __acos_finite
calls=1 32 
* 8
cob=(4)
cfi=(82)
cfn=(314) rintf
calls=1 29 
* 6
cob=(4)
cfi=(79)
cfn=(310) __log_finite
calls=1 33 
* 8
cob=(4)
cfi=(78)
cfn=(308) log2f@@GLIBC_2.27
calls=1 30 
* 8
cob=(4)
cfi=(83)
cfn=(304) __pow_finite
calls=1 32 
* 8
cob=(4)
cfi=(82)
cfn=(302) ceil
calls=1 29 
* 6
cob=(4)
cfi=(82)
cfn=(300) ceilf
calls=1 29 
* 6
cob=(4)
cfi=(78)
cfn=(298) powf@@GLIBC_2.27
calls=1 30 
* 8
cob=(4)
cfi=(78)
cfn=(296) sincosf
calls=1 30 
* 8
cob=(4)
cfi=(82)
cfn=(294) rint
calls=1 29 
* 6
cob=(4)
cfi=(78)
cfn=(292) logf@@GLIBC_2.27
calls=1 30 
* 8
cob=(4)
cfi=(79)
cfn=(288) cos
calls=1 33 
* 8
cob=(4)
cfi=(78)
cfn=(286) expf@@GLIBC_2.27
calls=1 30 
* 8
cob=(4)
cfi=(79)
cfn=(282) __exp_finite
calls=1 33 
* 8
cob=(4)
cfi=(78)
cfn=(280) cosf
calls=1 30 
* 8
cob=(3)
cfi=(77) /build/glibc-OTsEL5/glibc-2.27/time/../sysdeps/unix/sysv/linux/x86/gettimeofday.c
cfn=(274) gettimeofday
calls=1 42 
* 77
cob=(3)
cfi=(58) /build/glibc-OTsEL5/glibc-2.27/string/../sysdeps/x86_64/multiarch/ifunc-strcasecmp.h
cfn=(270) strncasecmp_l
calls=1 32 
* 6
cob=(3)
cfi=(60) /build/glibc-OTsEL5/glibc-2.27/string/../sysdeps/x86_64/multiarch/ifunc-avx2.h
cfn=(268) strchrnul
calls=1 32 
* 8
cob=(3)
cfi=(57) /build/glibc-OTsEL5/glibc-2.27/string/../sysdeps/x86_64/multiarch/ifunc-unaligned-ssse3.h
cfn=(266) stpcpy
calls=1 33 
* 9
cob=(3)
cfi=(57)
cfn=(264) stpncpy
calls=1 33 
* 9
cob=(3)
cfi=(70) /build/glibc-OTsEL5/glibc-2.27/string/../sysdeps/x86_64/multiarch/ifunc-sse4_2.h
cfn=(262) strspn
calls=1 30 
* 6
cob=(3)
cfi=(64) /build/glibc-OTsEL5/glibc-2.27/wcsmbs/../sysdeps/x86_64/multiarch/ifunc-avx2.h
cfn=(260) wcslen
calls=1 32 
* 8
cob=(3)
cfi=(60)
cfn=(258) memchr
calls=1 32 
* 8
cob=(3)
cfi=(58)
cfn=(254) strcasecmp_l
calls=1 32 
* 6
cob=(3)
cfi=(60)
cfn=(252) memrchr
calls=1 32 
* 8
cob=(3)
cfi=(60)
cfn=(250) strlen
calls=1 32 
* 8
cob=(3)
cfi=(74) /build/glibc-OTsEL5/glibc-2.27/string/../sysdeps/x86_64/multiarch/strchr.c
cfn=(248) index
calls=1 40 
* 8
cob=(3)
cfi=(70)
cfn=(246) strpbrk
calls=1 30 
* 6
cob=(3)
cfi=(73) /build/glibc-OTsEL5/glibc-2.27/wcsmbs/../sysdeps/x86_64/multiarch/ifunc-wmemset.h
cfn=(244) wmemset
calls=2 32 
* 26
cob=(3)
cfi=(72) /build/glibc-OTsEL5/glibc-2.27/wcsmbs/../sysdeps/x86_64/multiarch/wcsnlen.c
cfn=(242) wcsnlen
calls=1 40 
* 7
cob=(3)
cfi=(56) /build/glibc-OTsEL5/glibc-2.27/string/../sysdeps/x86_64/multiarch/ifunc-memmove.h
cfn=(240) memcpy@@GLIBC_2.14
calls=1 44 
* 16
cob=(3)
cfi=(57)
cfn=(238) strcpy
calls=1 33 
* 9
cob=(3)
cfi=(58)
cfn=(234) strncasecmp
calls=1 32 
* 6
cob=(3)
cfi=(70)
cfn=(232) strcspn
calls=1 30 
* 6
cob=(3)
cfi=(60)
cfn=(230) strnlen
calls=2 32 
* 16
cob=(3)
cfi=(64)
cfn=(228) wcschr
calls=2 32 
* 16
cob=(3)
cfi=(69) /build/glibc-OTsEL5/glibc-2.27/string/../sysdeps/x86_64/multiarch/ifunc-memset.h
cfn=(226) memset
calls=1 42 
* 18
cob=(3)
cfi=(68) /build/glibc-OTsEL5/glibc-2.27/string/../sysdeps/x86_64/multiarch/strcmp.c
cfn=(224) strcmp
calls=1 38 
* 9
cob=(3)
cfi=(67) /build/glibc-OTsEL5/glibc-2.27/string/../sysdeps/x86_64/multiarch/strncmp.c
cfn=(222) strncmp
calls=1 38 
* 8
cob=(3)
cfi=(65) /build/glibc-OTsEL5/glibc-2.27/string/../sysdeps/x86_64/multiarch/ifunc-memcmp.h
cfn=(218) bcmp
calls=1 33 
* 13
cob=(3)
cfi=(56)
cfn=(216) mempcpy
calls=1 44 
* 16
cob=(3)
cfi=(64)
cfn=(214) wmemchr
calls=2 32 
* 16
cob=(3)
cfi=(60)
cfn=(212) rawmemchr
calls=1 32 
* 8
cob=(3)
cfi=(61) /build/glibc-OTsEL5/glibc-2.27/time/../sysdeps/unix/sysv/linux/x86/time.c
cfn=(206) time
calls=1 43 
* 77
cob=(3)
cfi=(60)
cfn=(204) rindex
calls=1 32 
* 8
cob=(3)
cfi=(57)
cfn=(202) strcat
calls=1 33 
* 9
cob=(3)
cfi=(58)
cfn=(198) strcasecmp
calls=1 32 
* 6
cob=(3)
cfi=(57)
cfn=(196) strncpy
calls=1 33 
* 9
cob=(3)
cfi=(56)
cfn=(194) memmove
calls=2 44 
* 32
-26 63
+27 63
fi=(4)
75 197
fe=(54)
258 4
fi=(4)
75 16
fe=(54)
258 16
+3 20
+24 5
+3 10
+17 15
+8 25
+3 5
-3 5
+3 5
+4 10
+1 15
cfi=(44)
cfn=(136) mprotect
calls=5 78 
* 25
* 10
-14 40
fi=(5)
131 9
458 452
fi=(4)
124 393
+19 20
fi=(5)
430 54
+4 72
+5 18
+9 18
-9 36
+9 36
308 34
+5 17
-3 34
+3 158
-3 214
+3 321
-5 75
fi=(4)
61 6
-10 3
-1 6
fi=(5)
551 42
+4 42
+2 63
+1 21
fi=(4)
61 252
+2 336
+2 193
+46 11
fi=(5)
541 1246
fi=(4)
111 1246
fi=(5)
541 1246
fi=(4)
111 1246
fi=(5)
541 1246
fi=(4)
111 1246
fi=(5)
535 1246
fi=(4)
112 2492
fi=(5)
535 2492
+5 2492
fi=(4)
50 1
160 1
51 1
160 4
+2 20
+9 10
-1 5
+1 5
-1 10
fi=(5)
276 5
fi=(4)
170 15
fi=(5)
276 5
+21 10
+4 10
+7 20
fi=(55)
102 15
fi=(5)
308 170
cfi=(6)
cfn=(188)
calls=5 790 
* 2623
* 35
+2 15
+25 30
fe=(54)
-77 10
fi=(5)
82 6
+4 9
+14 3
-8 3
+8 6
+20 6
+4 12
-2 6
458 20
fi=(4)
160 17
+14 2
fi=(5)
313 1
-3 2
+3 3
-5 87
fe=(54)
180 3
fi=(5)
308 6
fe=(54)

fl=(31) /build/glibc-OTsEL5/glibc-2.27/elf/dl-debug.c
fn=(92) _dl_debug_initialize
49 10
+5 8
+5 2
-1 1
+1 2
+1 2
-1 1
+5 1
-14 5
+4 10
+4 1
-1 1
+1 5

fn=(96) _dl_debug_state
74 2

fl=(7) /build/glibc-OTsEL5/glibc-2.27/elf/../elf/dl-sysdep.c
fn=(12) _dl_sysdep_start
88 8
+25 1
-1 1
+1 220
+6 1
-3 1
+1 1
-4 1
+3 1
+3 4
+1 2
-1 12
-29 1
-1 10
+30 2
+1 108
+3 1
-4 74
+62 1
-62 1
+63 1
-1 1
-62 3
+34 1
-34 2
+35 1
-35 2
+46 1
-46 1
+47 1
-1 1
-46 3
+40 1
-40 1
+41 1
-1 1
-40 3
+37 1
-37 2
+38 1
-38 3
+13 1
-13 2
+14 1
-14 2
+10 1
-10 2
+11 1
-11 2
+7 1
-7 4
224 1
cfi=(9)
cfn=(16) __GI___tunables_init
calls=1 +65 
* 27032
fi=(11) /build/glibc-OTsEL5/glibc-2.27/elf/../sysdeps/unix/sysv/linux/dl-sysdep.c
35 2
cfi=(12)
cfn=(22)
calls=1 -4 
* 11
fi=(8) /build/glibc-OTsEL5/glibc-2.27/elf/../sysdeps/x86/cpu-features.c
196 1
-12 1
+1 1
+11 1
+3 1
-3 1
+3 5
366 3
+1 1
+3 2
+1 1
+6 1
+5 2
-3 1
+3 1
-4 1
+4 1
cfi=(9)
cfn=(26)
calls=1 -9 
* 16
+2 4
cfi=(9)
cfn=(26)
calls=1 -11 
* 18
* 1
+2 3
-2 1
+2 1
cfi=(9)
cfn=(26)
calls=1 -13 
* 18
* 1
+2 3
-2 1
+2 1
cfi=(9)
cfn=(26)
calls=1 -15 
* 18
+12 1
-12 1
+11 1
-11 1
+12 1
fe=(7)
236 1
cfi=(13)
cfn=(28)
calls=1 79 
* 16
* 1
+2 2
cfi=(14) /build/glibc-OTsEL5/glibc-2.27/elf/../misc/sbrk.c
cfn=(30) sbrk
calls=1 32 
* 17
* 3
+12 3
+3 5
cfi=(2)
cfn=(32) dl_main
calls=1 870 
* 132227
+1 1
+1 8
fi=(8)
404 3
+28 2
-9 3
+2 4
+3 4
+1 2
205 6
cfn=(24) get_common_indeces.constprop.1
calls=1 34 
* 87
+3 3
+97 4
+7 4
203 1
312 4
210 5
+1 7
+85 3
-79 2
fe=(7)

fn=(346) _dl_sysdep_start_cleanup
260 1

fl=(23) /build/glibc-OTsEL5/glibc-2.27/posix/../sysdeps/unix/syscall-template.S
fn=(64) uname
78 4
+1 1

fl=(52)
fn=(164)
28 16
+2 2
-2 2
+2 2
+92 10
-88 10
+1 4
-1 2
-1 2
+1 8
+1 2
cfi=(28)
cfn=(76)
calls=2 +74 
* 26
* 32
+4 4
+3 2
-3 4
+1 6
+2 2
-7 6
+4 12
+3 6
-3 12
+1 18
+2 6
+12 52
+2 18
+1 12
-1 18
+1 18
+2 60
+1 42
+58 36
cfi=(28)
cfn=(76)
calls=6 -9 
* 94
* 24
-28 48
-36 24
+61 40
-25 18
-44 16
+69 2
+7 16

fl=(34) /build/glibc-OTsEL5/glibc-2.27/elf/dl-error-skeleton.c
fn=(166) _dl_receive_error
226 3
+1 1
+1 1
+3 1
+1 1
+2 2
cfi=(2)
cfn=(168) version_check_doit
calls=1 621 
* 5633
+2 1
+1 1
+1 4

fn=(108) _dl_catch_exception
175 12
+15 6
-3 12
+4 6
-3 6
-13 6
+19 6
-3 6
+3 6
-19 6
+13 6
+2 6
+4 6
cfi=(35)
cfn=(110)
calls=6 26 
* 120
* 18
+2 18
cfi=(48) /build/glibc-OTsEL5/glibc-2.27/elf/dl-deps.c
cfn=(148) openaux
calls=5 60 
* 10475
cfi=(2)
cfn=(112) map_doit
calls=1 588 
* 2127
+2 6
-1 6
+1 12
-1 6
+1 6
+9 24

fn=(104) _dl_catch_error
213 6
+2 2
-2 1
+2 2
cfn=(108)
calls=1 -40 
* 2178
* 1
+1 2
+1 1
+1 1
-1 1
+1 1
+2 5

fl=(37) /build/glibc-OTsEL5/glibc-2.27/io/../sysdeps/unix/sysv/linux/wordsize-64/lxstat.c
fn=(120) open
39 13
fi=(38) /build/glibc-OTsEL5/glibc-2.27/io/../sysdeps/unix/sysv/linux/open64.c
-3 13
+3 78
+8 91
+2 4
-2 27
+2 9
fe=(37)

fl=(13)
fn=(28)
79 19
+1 19
+1 19
+1 19
+1 19
+1 19
+1 19
+2 19
+2 19
+31 18
+1 18
+1 18
+1 18
+1 18
+1 9
+2 9
+4 9
+1 9
+1 9
+1 9
+1 9
+1 9
+1 9
+1 9
+1 9
+1 9
+1 9
+1 9
+5 72
+4 1
+1 14
+1 8

fl=(114) /build/glibc-OTsEL5/glibc-2.27/elf/dl-open.c
fn=(456) _dl_find_dso_for_object
176 5
+4 6
+1 4
+1 16
+1 2
-2 9
+5 2
+4 7

fl=(14)
fn=(30)
32 4
+8 6
+4 2
+16 5

fl=(39) /build/glibc-OTsEL5/glibc-2.27/io/../sysdeps/unix/sysv/linux/read.c
fn=(124) read
27 12
+1 3

fl=(17) /build/glibc-OTsEL5/glibc-2.27/elf/dl-object.c
fn=(38) _dl_new_object
59 48
+1 4
-1 4
+1 8
cfi=(13)
cfn=(28)
calls=4 +19 
* 82
+6 4
-6 8
+6 4
+7 4
-7 4
-6 4
+6 12
+2 8
+5 12
cfi=(19)
cfn=(42)
calls=4 +19 
* 174
* 4
+3 4
-3 4
+3 4
+4 4
+5 4
-6 4
+6 4
-5 4
+5 4
-5 4
+4 4
+1 8
-1 4
+1 4
cfi=(20)
cfn=(48)
calls=4 +44 
* 51
+10 4
-10 4
+10 4
-10 4
+10 4
-8 4
+8 8
+1 4
-1 4
+1 12
+3 4
-3 4
+3 4
+9 4
-7 4
+4 4
+3 9
+2 2
-2 2
+2 30
-2 30
+18 8
-6 4
+1 4
+5 4
-6 4
+6 12
+2 3
+3 3
-3 6
+3 3
+4 9
+4 7
+8 1
+3 1
+3 2
-3 1
+3 1
-3 3
+3 6
-3 3
+3 3
+2 3
+21 3
-21 3
cfi=(13)
cfn=(28)
calls=3 -76 
* 102
+4 3
-4 6
+17 3
-13 9
+64 3
+4 36
100 11
+39 9
+70 9
cfi=(20)
cfn=(74) mempcpy
calls=3 -93 
* 44
* 53
+6 50
-1 50
+1 53
-1 3
+1 9
+5 6
-96 1
+7 4
+32 6
cfi=(19)
cfn=(46) malloc
calls=3 50 
* 54
* 3
+1 3
-1 6
+1 3

fn=(50) _dl_add_to_namespace_list
31 8
+2 4
-2 12
+2 8
cfi=(2)
cfn=(52)
calls=4 784 
* 8
+2 31
+3 27
+2 3
+2 3
+4 3
+4 3
-4 6
+1 3
+4 6
-4 3
+1 3
+3 3
-3 3
+2 3
cfi=(2)
cfn=(54)
calls=3 790 
* 6
-4 1
+4 1
-4 2
+1 1
+4 2
-4 1
+1 1
+3 1
-3 1
+2 1
cfi=(2)
cfn=(54)
calls=1 790 
* 2
-5 2

fl=(41) /build/glibc-OTsEL5/glibc-2.27/io/../sysdeps/unix/sysv/linux/wordsize-64/fxstat.c
fn=(130) _fxstat
34 4
-1 4
+1 4
+1 24
+4 4

fl=(1) ???
fn=(0) 0x0000000000001090
0 2
cfi=(2)
cfn=(2) _dl_start
calls=1 444 
0 161122
0 14
cfi=(88)
cfn=(354)
calls=1 79 
0 2262
0 3
cob=(6)
cfi=(99)
cfn=(400) _start
calls=1 0 
0 2876338551

fl=(24) /build/glibc-OTsEL5/glibc-2.27/elf/dl-load.c
fn=(118) open_verify.constprop.7
1598 132
+39 12
-39 36
+39 46
+31 48
cfi=(37)
cfn=(120)
calls=12 39 
* 219
+2 12
-2 12
+2 15
+10 3
+1 6
+5 18
cfi=(39)
cfn=(124)
calls=3 27 
* 15
+2 6
+2 3
+2 3
-2 3
+2 3
+6 6
+16 48
+74 6
+5 6
+2 12
+6 6
+11 6
+6 3
+1 3
+1 3
-2 9
+1 9
+21 105
+2 52
+13 9
+3 12
+1 3
+12 18
-3 30
+15 4
+3 2
+1 6
+1 2
-1 2
-1 2
+3 6
+1 6
1650 9
1918 108
1714 4
1871 18
+3 3
-4 3
+4 6
+5 2
+1 4
-55 2

fn=(114) _dl_map_object
2080 42
+8 6
-8 12
+8 6
+1 24
+3 93
+5 126
+2 54
cfi=(36)
cfn=(116)
calls=18 282 
* 2005
* 36
+4 30
+1 45
+3 6
+1 6
+1 6
-1 6
+1 6
cfi=(21)
cfn=(56)
calls=6 144 
* 170
* 12
2391 54
2125 9
+10 9
-53 3
+89 6
-2 3
+2 3
cfi=(29) /build/glibc-OTsEL5/glibc-2.27/string/../sysdeps/x86_64/multiarch/../strchr.S
cfn=(84) index
calls=3 24 
* 69
* 6
2322 5
cfn=(82) expand_dynamic_string_token
calls=1 320 
* 154
* 1
-2 1
+3 5
+4 9
cfn=(118)
calls=1 1598 
* 208
+3 2
-3 1
+3 3
+12 3
+46 1
+1 3
-1 1
+1 9
cfn=(126) _dl_map_object_from_fd
calls=1 808 
* 1347
-1 2
+1 6
-1 2
+1 18
cfn=(126)
calls=2 808 
* 3049
* 9
2171 2
+4 4
cfi=(13)
cfn=(28)
calls=2 79 
* 32
* 2
+2 2
-2 2
+2 2
+7 8
+36 24
cfn=(150) open_path
calls=2 1932 
* 1610
+6 4
-6 2
+6 6
601 6
2314 4
+28 8
+2 4
-95 2
-14 2
+14 2
+2 6
+4 4
cfi=(50)
cfn=(154)
calls=2 187 
* 2519
+2 2
-2 2
+2 2
+4 4
+8 6
+23 20
cfn=(118)
calls=2 1598 
* 424
+4 4
-4 2
+4 6
+1 4
-88 14
601 6
2219 4
+1 4
-32 2
+1 4
-1 6
+8 14
-3 6
601 6
+9 6
2208 6

fn=(126)
808 33
+10 3
-10 3
+10 3
-10 9
+10 3
cfi=(31)
cfn=(92)
calls=3 49 
* 24
fi=(40) /build/glibc-OTsEL5/glibc-2.27/elf/../sysdeps/posix/dl-fileid.h
37 9
fe=(24)
818 3
fi=(40)
37 3
cfi=(41)
cfn=(130)
calls=3 -3 
* 30
* 6
+4 3
fe=(24)
834 3
fi=(40)
40 3
+1 3
fe=(24)
834 45
+1 18
fi=(40)
49 27
fe=(24)
1346 27
852 6
+24 12
+10 6
+22 12
+32 6
819 3
943 21
cfi=(17)
cfn=(38)
calls=3 59 
* 1050
+1 3
-1 3
+1 3
+11 6
+5 3
-5 3
+1 3
+5 3
-5 3
+1 3
+2 3
-2 3
+2 6
+1 9
+20 3
-2 3
+10 3
-8 18
+8 3
-8 9
+8 3
+97 3
982 3
-6 3
1085 3
981 3
-5 6
1085 9
-96 45
-1 144
+1 135
+6 6
+5 6
+1 12
+11 30
+5 48
+9 18
-1 18
+1 6
+1 12
+2 6
-2 6
+1 6
-1 6
+3 6
+4 6
-7 6
+3 6
-1 6
+5 6
+1 12
+5 6
-1 3
-14 3
+14 3
+1 18
+10 3
-10 6
-1 3
-14 3
+14 3
+1 18
+10 3
-44 2
+1 1
+46 3
+4 1
+1 1
+2 1
-1 1
-1 2
+1 1
+3 3
+1 1
+3 1
-3 1
+7 4
+6 1
cfi=(32) /build/glibc-OTsEL5/glibc-2.27/elf/../elf/dl-tls.c
cfn=(162) _dl_next_tls_modid
calls=1 51 
* 6
* 2
+1 1
+19 6
+1 6
+1 3
-6 6
+1 3
+8 12
956 3
1110 3
956 3
1110 3
+10 9
fi=(43) /build/glibc-OTsEL5/glibc-2.27/elf/./dl-map-segments.h
50 3
+6 3
fe=(24)
1120 12
fi=(43)
56 9
fe=(24)
1120 3
fi=(43)
50 3
fe=(24)
1120 6
fi=(43)
56 6
cfi=(42)
cfn=(132)
calls=3 -12 
* 111
+4 3
-4 3
+4 6
+3 6
+1 3
+2 3
-2 3
-1 3
+3 3
+14 6
fi=(45) /build/glibc-OTsEL5/glibc-2.27/elf/./dl-load.h
+10 12
+1 9
+2 12
fi=(43)
+11 24
+45 6
-59 30
+2 18
+2 24
cfi=(42)
cfn=(132)
calls=3 -50 
* 99
* 6
+16 3
+2 3
-2 3
+1 3
+2 3
-1 3
+1 3
-1 9
+8 6
+3 6
+8 21
cfi=(28)
cfn=(76)
calls=3 -22 
* 262
* 6
+6 6
+4 8
cfi=(42)
cfn=(132)
calls=1 -97 
* 33
+3 2
-71 30
cfi=(44)
cfn=(136)
calls=3 +5 
* 15
* 6
fi=(45)
+21 10
+2 2
-1 6
+1 2
-1 2
+1 4
-1 4
+3 8
fe=(24)
1132 12
+9 6
fi=(3) /build/glibc-OTsEL5/glibc-2.27/elf/get-dynamic-info.h
42 3
fe=(24)
1141 3
fi=(3)
42 3
+6 3
-2 3
+2 6
+15 3
+5 3
+3 3
-1 3
-3 3
-3 62
+10 14
-26 42
+16 57
+10 57
-26 171
+26 3
-26 9
+2 148
+13 68
+2 12
+16 6
+20 11
+1 12
+1 12
+1 12
+2 12
+5 12
+1 11
+1 12
+6 9
+5 6
+7 6
+1 9
+18 9
+5 2
+2 2
-2 2
+2 2
+2 4
+2 4
+3 9
+10 1
-8 4
+8 1
+5 2
+3 6
fe=(24)
1148 6
+15 9
+19 6
+2 15
+54 9
+1 2
+3 2
cfi=(46) /build/glibc-OTsEL5/glibc-2.27/io/../sysdeps/unix/sysv/linux/close.c
cfn=(142) close
calls=1 27 
* 5
* 4
cfi=(46)
cfn=(142)
calls=2 27 
* 10
* 6
+9 6
+2 9
+2 3
-2 3
+2 3
+16 6
cfi=(6)
cfn=(10)
calls=3 939 
* 69
+4 6
+1 6
+17 6
+1 1
+8 1
-5 3
+5 3
-5 6
+5 2
+10 6
+10 9
cfi=(17)
cfn=(50)
calls=3 31 
* 129
+4 9
fi=(3)
68 12
+3 12
+1 3
+1 12
fe=(24)
369 4

fn=(150)
1932 16
+1 2
+6 2
-6 2
+6 2
+5 22
-7 2
-1 2
+8 14
+3 6
+9 8
+7 6
+1 2
-13 6
+12 2
cfi=(20)
cfn=(74)
calls=2 116 
* 24
* 2
+55 4
-22 12
-32 4
+32 27
-32 18
+3 32
+4 54
cfi=(20)
cfn=(74)
calls=9 116 
* 114
* 36
cfi=(20)
cfn=(74)
calls=9 116 
* 108
+3 18
+3 27
+3 81
cfn=(118)
calls=9 1598 
* 495
* 9
+2 45
+2 16
+89 18
-45 14
-64 14
+85 14
+7 2
-2 2
+2 6
+3 6
-13 4
-38 4
+2 2
-46 2
+25 16
+1 64
+6 16
+2 16
-2 16
+2 16
cfi=(49) /build/glibc-OTsEL5/glibc-2.27/io/../sysdeps/unix/sysv/linux/wordsize-64/xstat.c
cfn=(152) _xstat
calls=8 34 
* 101
* 8
+3 8
-3 8
+1 1
+2 1
-2 1
+2 7
-37 2
+37 7
-37 14

fn=(66) _dl_init_paths
623 1
+13 2
-13 8
+13 3
cfi=(25) /build/glibc-OTsEL5/glibc-2.27/elf/dl-hwcaps.c
cfn=(68) _dl_important_hwcaps
calls=1 42 
* 711
+5 1
-5 1
+5 1
cfi=(19)
cfn=(46)
calls=1 50 
* 18
* 1
+1 1
-2 1
+2 2
+8 1
-1 1
+1 4
-1 3
+4 4
cfi=(19)
cfn=(46)
calls=1 50 
* 18
* 1
+2 1
-2 2
+2 1
+7 1
+10 1
-11 1
+12 1
+3 1
+1 1
-5 1
+3 1
+1 1
-1 1
+9 1
-20 1
+17 1
+3 1
-3 17
cfi=(28)
cfn=(76)
calls=4 109 
* 48
+3 27
-12 3
-2 3
+10 3
-7 3
-1 3
+4 3
-1 3
+1 3
+1 3
+3 3
+1 3
-4 3
+4 3
+14 1
-11 1
+6 1
+1 1
+5 2
+2 4
+2 3
+38 5
-19 1
-2 2
+2 2
+21 3
cfi=(13)
cfn=(28)
calls=1 79 
* 32
* 8
cfi=(20)
cfn=(48)
calls=1 129 
* 10
* 1
+5 4
-1 2
+2 56
-1 57
+5 1
cfi=(19)
cfn=(46)
calls=1 50 
* 18
* 1
+1 1
-2 1
+2 1
+6 7
cfn=(78) fillin_rpath
calls=1 389 
* 584
+3 3
+6 1
+4 8
-37 2

fn=(78)
389 7
+2 1
-2 9
+4 3
cfi=(19)
cfn=(80) strsep
calls=1 265 
* 238
* 3
cfi=(19)
cfn=(80)
calls=1 265 
* 6
* 6
+7 2
+2 3
cfn=(82)
calls=1 -82 
* 104
+4 1
-4 1
+4 1
+5 2
cfi=(13)
cfn=(28)
calls=1 79 
* 16
+1 2
+7 6
+9 17
+1 8
+57 2
cob=(2)
cfi=(18)
cfn=(88) 0x0000000004000f00
calls=1 0 
* 5
* 1
-39 2
+4 7
-1 1
cfi=(19)
cfn=(46)
calls=1 50 
* 18
* 1
+3 3
+5 1
+1 2
-2 2
+2 1
cfi=(20)
cfn=(74)
calls=1 116 
* 12
+3 1
-2 1
-1 1
+1 1
+2 1
+6 4
+1 17
+1 1
-1 3
+1 1
-1 14
+1 8
-1 1
+1 1
-1 3
+1 1
-1 2
+4 1
-1 1
+1 1
-1 1
+1 1
+8 1
-1 1
+4 3
-37 2
-28 1
+5 4
+66 1
+3 9
-15 2

fn=(82)
320 12
+10 4
-10 2
+10 2
cfi=(29)
cfn=(84)
calls=2 24 
* 70
* 4
+15 2
-11 2
+11 8
-11 2
cfi=(30)
cfn=(86)
calls=2 40 
* 150

fl=(9)
fn=(16)
289 8
-9 3
150 4
-82 215
+6 70
-3 70
+3 6244
+4 140
+5 70
297 70
83 70
297 70
fi=(10) /build/glibc-OTsEL5/glibc-2.27/elf/dl-tunables.h
121 140
-1 60
+1 24
-1 8
+1 32
-1 40
fe=(9)
330 280
-12 7700
fi=(10)
120 2520
+1 2648
-1 168
fe=(9)
312 6230
68 140
364 8

fn=(26)
373 108
+4 18
-4 70
+9 3
+1 3
-6 15
+22 90
+2 18

fl=(2)
fn=(54)
790 6
+1 6

fn=(168)
621 2
+2 4
cfi=(53)
cfn=(170)
calls=1 362 
* 5623
* 2
+4 2

fn=(32)
870 1
+17 1
-17 10
+17 1
+4 1
-21 1
2471 1
891 1
+1 1
2466 1
892 1
+5 1
2471 1
897 1
2464 2
+7 3
-4 1
+4 3
+2 2
cfi=(15) /build/glibc-OTsEL5/glibc-2.27/elf/dl-environ.c
cfn=(34) _dl_next_ld_env_entry
calls=1 29 
* 78
* 4
cfi=(15)
cfn=(34)
calls=2 29 
* 376
* 9
+4 6
-2 2
+2 42
+1 19
-1 57
+3 4
+6 14
+76 3
+1 4
cfi=(16) /build/glibc-OTsEL5/glibc-2.27/string/../sysdeps/x86_64/memcmp.S
cfn=(36) bcmp
calls=1 24 
* 31
* 2
-56 2
+7 4
cfi=(16)
cfn=(36)
calls=1 24 
* 36
* 2
+2 3
2635 3
+32 3
907 3
1108 7
cfi=(17)
cfn=(38)
calls=1 59 
* 230
+2 1
-2 1
+2 1
+1 1
+1 1
+5 2
-5 1
+1 2
+4 1
cfi=(17)
cfn=(50)
calls=1 31 
* 33
+1 2
879 1
1147 1
-3 1
-5 1
+1 1
+2 1
+5 5
+56 2
876 1
1166 1
+22 1
+15 2
-55 24
-1 27
+1 47
1250 3
+3 2
+2 2
+2 3
+13 3
+3 2
-2 1
+2 1
-2 3
cfi=(21)
cfn=(56)
calls=1 144 
* 50
* 2
+7 1
+3 1
-5 1
+3 1
-3 1
+5 1
+1 2
+4 2
+2 2
fi=(3)
33 1
+9 2
+6 1
-2 1
+2 2
+15 1
+5 1
+3 1
+2 1
-3 1
-3 1
-3 1
-14 54
+13 24
+1 20
+10 5
-26 15
+16 21
+10 21
-26 63
+26 1
-26 3
+33 3
+20 3
+1 4
+1 4
+1 4
+2 4
+5 4
+1 4
+1 4
+6 3
+5 2
+7 2
+1 3
+18 3
+5 1
+2 1
-2 1
+2 1
+2 2
+2 2
+1 1
+2 3
+10 1
-8 3
+8 1
+5 2
+1 2
+2 2
fe=(2)
1293 2
cfi=(6)
cfn=(10)
calls=1 939 
* 23
+3 2
fi=(22) /build/glibc-OTsEL5/glibc-2.27/elf/setup-vdso.h
24 2
fe=(2)
1318 1
cfi=(11)
cfn=(62) _dl_discover_osversion
calls=1 45 
* 87
* 9
-6 5
1167 2
+9 1
-7 1
-3 1
+10 1
+18 2
-37 3
+1 1
-6 3
+1 1
fi=(3)
65 4
+3 4
fe=(2)
1203 2
-1 2
+1 4
-1 2
+2 4
+1 1
+3 2
+1 2
-1 2
+1 2
+1 2
+1 6
+1 2
+31 2
+1 2
+1 1
-6 2
+1 1
fi=(3)
71 4
+1 1
+1 3
fe=(2)
1323 2
cfi=(24)
cfn=(66)
calls=1 623 
* 1756
+3 3
cfi=(31)
cfn=(92)
calls=1 49 
* 17
+7 1
-7 1
+2 1
+5 1
+3 3
+1 1
+3 1
-3 3
+1 2
+3 1
+5 1
-7 1
+7 1
+1 5
+17 2
+1 2
+5 1
-3 3
+2 1
+1 2
+5 2
+1 5
-1 2
+3 2
+1 2
+5 2
+6 4
+1 1
-2 1
885 1
1391 1
1570 1
cfi=(32)
cfn=(94) _dl_count_modids
calls=1 113 
* 4
* 1
+8 3
+3 2
+4 3
+5 2
+1 1
cfi=(31)
cfn=(96)
calls=1 74 
* 1
+1 1
+4 2
+15 3
+4 1
-2 1
+2 2
+2 3
+1 1
-1 2
+1 1
cfn=(98) handle_ld_preload
calls=1 837 
* 2506
* 1
+1 4
+2 2
+10 3
cfi=(47) /build/glibc-OTsEL5/glibc-2.27/io/../sysdeps/unix/sysv/linux/access.c
cfn=(144) access
calls=1 27 
* 8
* 2
+77 1
-96 1
+96 3
+17 3
+1 1
-1 1
+1 2
-1 1
+1 5
cfi=(48)
cfn=(146) _dl_map_object_deps
calls=1 159 
* 12782
+1 4
+5 1
-3 2
+3 2
+1 7
-1 2
+1 12
-1 8
+4 3
+1 3
+1 1
+2 2
+1 5
-1 5
+1 9
-1 9
+47 2
+2 2
-1 1
-1 2
+2 4
cfi=(34)
cfn=(166)
calls=1 226 
* 5648
+10 1
+1 1
-1 1
+1 1
+1 1
cfn=(174) init_tls
calls=1 687 
* 611
* 1
+2 2
799 1
fi=(186) /build/glibc-OTsEL5/glibc-2.27/elf/../sysdeps/unix/sysv/linux/dl-osinfo.h
64 2
fe=(2)
801 1
fi=(186)
77 1
fe=(2)
810 1
+7 1
-5 1
1808 2
2038 3
2161 3
+7 1
+2 3
+1 1
-1 2
+2 12
+2 5
-2 10
+2 5
+5 10
+2 10
+6 5
+2 10
+1 32
cfi=(54)
cfn=(180)
calls=4 148 
* 99867
+4 12
+1 2
cfi=(32)
cfn=(278) _dl_add_to_slotinfo
calls=1 887 
* 20
* 1
-12 1
+1 1
-3 2
+29 4
+2 1
+7 3
cfi=(32)
cfn=(344) _dl_allocate_tls_init
calls=1 437 
* 149
+3 2
-25 4
+2 2
+6 1
-6 1
+6 1
+26 3
+2 4
+15 1
+2 1
-2 2
+3 1
-3 1
+3 1
-3 1
+3 3
cfi=(54)
cfn=(180)
calls=1 148 
* 6623
+1 4
+2 2
+8 1
cfi=(7)
cfn=(346)
calls=1 260 
* 1
+4 2
+20 3
cfi=(31)
cfn=(92)
calls=1 49 
* 8
+1 1
-1 1
+2 1
cfi=(31)
cfn=(96)
calls=1 74 
* 1
+1 1
+4 1
cfi=(50)
cfn=(348)
calls=1 326 
* 15
+5 8
2094 1
+13 1
-9 1
-4 1
+10 1
-6 1
+6 1
+3 1
1753 1
+1 1
-1 2
+1 1
+2 1
+2 3
+2 1
-4 1
+4 2
+14 4
+1 2
+1 3
-64 5
+1 1
-1 3
+4 3
+1 1
+1 2
+1 2
+32 2
2565 3

fn=(52)
784 6
+1 6

fn=(174)
687 1
-6 1
+2 2
+4 1
+10 4
cfi=(19)
cfn=(42)
calls=1 92 
* 27
* 1
+11 1
-15 1
+3 1
+6 1
+2 1
-11 1
+15 1
+2 1
-1 1
+1 18
+2 10
+4 1
+2 1
-2 1
-5 10
+9 2
+3 1
cfi=(32)
cfn=(176) _dl_determine_tlsoffset
calls=1 141 
* 66
+7 1
cfi=(32)
cfn=(178) _dl_allocate_tls_storage
calls=1 332 
* 437
+1 1
-1 1
+1 1
+6 1
+3 1
-3 1
+3 6
+3 1
+2 1
+1 3

fn=(98)
837 8
+1 1
-1 1
-75 1
+86 1
-86 4
+80 2
+3 3
cfi=(33)
cfn=(100)
calls=1 30 
* 218
* 1
+1 3
+9 1
121 1
857 2
121 2
859 2
-97 5
-10 1
+4 1
+1 1
+1 1
+2 1
+2 1
cfi=(34)
cfn=(104)
calls=1 213 
* 2201
* 1
+1 3
+8 4
+71 2
+21 9
-15 4
cfi=(20)
cfn=(48)
calls=1 129 
* 18
+1 2

fn=(112)
588 1
+2 1
-2 1
+3 2
-1 3
+1 3
cfi=(24)
cfn=(114)
calls=1 2080 
* 2113
* 1
+2 2

fn=(2)
444 9
+19 4
fi=(3)
48 1
fe=(2)
463 1
fi=(5)
59 3
fi=(3)
-11 1
fe=(2)
489 1
-3 1
fi=(3)
48 1
+25 2
-3 1
-7 1
+5 1
+3 1
+2 1
-6 1
+3 1
-3 2
-3 16
+10 4
-26 12
+16 13
+10 13
-26 39
+26 1
-26 3
+2 36
+13 20
+2 4
+16 2
+20 4
+1 4
+1 4
+1 4
+2 4
+5 4
+1 4
+1 4
+6 3
+5 2
+7 3
+1 3
+8 3
+3 3
+4 2
+1 2
fe=(2)
500 2
393 1
507 1
393 1
cfi=(6)
cfn=(10)
calls=1 939 
* 23
+1 2
+1 2
+1 2
+1 2
+8 1
+9 1
-9 3
+9 1
-6 1
-3 1
+9 1
cfi=(7)
cfn=(12)
calls=1 88 
* 160090
* 1
+9 4
+3 1
+4 1
-4 1
+4 1
532 9
-27 27
fi=(4)
84 1
+27 1
-28 1
+28 2
+1 2
fi=(5)
540 2
fi=(4)
112 76
fi=(5)
540 76
+1 39
fi=(4)
111 39
fi=(5)
541 39
fi=(4)
111 39
fi=(5)
541 39
fi=(4)
111 39
+5 2
+8 1
fi=(5)
335 1
+87 1
fi=(4)
124 2
+12 1
+3 1
-3 1
+3 1
-3 1
fi=(5)
301 1
fi=(4)
137 1
fi=(5)
301 1
fi=(4)
137 1
fi=(5)
301 1
fi=(4)
136 8
+3 8
-3 8
+3 8
-3 8
fi=(5)
301 8
fi=(4)
137 8
fi=(5)
301 8
fi=(4)
137 8
fi=(5)
301 8
+9 27
+3 9
-3 18
+3 27
+22 54
fi=(3)
68 4
fi=(4)
+56 28
fi=(5)
354 27
fi=(3)
71 4
+1 1
+1 2
fe=(2)

fl=(30)
fn=(86)
40 16
+1 4
cfi=(13)
cfn=(28)
calls=4 +38 
* 118
* 4
+1 8
cfi=(19)
cfn=(46)
calls=4 +8 
* 72
* 4
+2 8
+4 4
-1 8
+1 8
-1 8
cfi=(20)
cfn=(48)
calls=4 +82 
* 48

fl=(20)
fn=(74)
116 30
+1 30
+1 30
+13 30
+1 30
+1 5
+1 5
+5 4
+1 4
+1 4
+1 4
+5 4
267 25
+1 25
+1 9
+1 9
+1 4
+1 4
+1 2
+4 2
+22 16
+1 16
+1 16
+1 16
+1 16
+3 5
+1 5
+1 5
+1 5
+1 5
+3 2
+1 2
+1 2
+1 2
+1 2
+10 1
+1 1
+1 1
+1 1
+22 1
+1 1
+1 1
+1 1
+1 1
+1 1
+1 1
+1 1
+2 1

fn=(48)
129 19
+2 19
+1 19
+1 12
+1 12
+5 8
+1 8
+1 8
+1 8
+5 8
267 7
+1 7
+1 1
+1 1
+1 1
+1 1
+1 1
+1 1
+1 1
+2 1
+22 6
+1 6
+1 6
+1 6
+1 6
+24 4
+1 4
+1 4
+1 4
+22 4
+1 4
+1 4
+1 4
+1 4
+1 4
+1 4
+1 4
+2 4

fl=(46)
fn=(142)
27 16
+1 4

fl=(47)
fn=(144)
27 7
+4 1

fl=(29)
fn=(84)
24 10
+1 10
+1 10
+1 10
+1 10
+1 10
+1 10
+1 10
+1 10
+1 10
+1 10
+1 10
+1 10
+1 10
+1 10
+1 10
+1 10
+1 7
+4 7
+1 7
+1 7
+1 7
+2 7
+4 3
+1 3
+1 3
+1 3
+1 3
+1 3
+1 3
+1 3
+1 3
+1 3
+1 3
+1 3
+1 3
+1 3
+1 3
+1 3
+1 3
+1 3
+1 3
+1 3
+1 3
+1 3
+1 3
+1 3
+52 3
+4 3
+1 3
+1 3
+1 3
+2 3

fl=(32)
fn=(178)
332 1
+2 1
-2 2
+13 1
+1 2
cfi=(19)
cfn=(46)
calls=1 50 
* 80
* 1
+1 3
+8 2
-69 1
+69 2
+1 1
+4 297
+19 1
-94 2
+1 2
cfi=(19)
cfn=(42)
calls=1 92 
* 27
* 1
+1 2
+3 1
+6 2
+89 5

fn=(162)
51 4
+48 1
+4 1

fn=(176)
141 1
-6 5
+6 2
+3 2
+36 3
+2 4
-2 1
-2 1
-40 1
-1 1
-1 2
+69 2
+3 2
-3 5
+2 2
+10 1
-37 2
+25 1
-25 2
+5 1
-1 1
+5 2
-4 1
-1 2
+3 2
+2 3
-9 5
+93 1
-53 1
+1 1
+52 1
-1 1
+1 4

fn=(278)
887 4
+9 1
-3 2
+8 7
+41 1
+1 1
+1 4

fn=(344)
437 8
+1 1
-1 1
+1 1
+4 1
+6 2
-6 1
+6 1
+12 1
-15 1
+39 1
-24 1
-16 2
+21 9
+6 15
+3 1
+1 2
+6 3
+3 1
-2 1
+6 1
-6 1
+2 1
+4 1
-4 2
+3 1
-3 1
+1 1
+2 1
+4 2
+1 4
+2 2
+1 2
+12 1
-3 1
+3 2
cfi=(20)
cfn=(74)
calls=1 116 
* 12
* 5
cfi=(28)
cfn=(76)
calls=1 109 
* 33
* 7
-42 2
+52 1
+4 3
+3 8

fn=(94)
113 2
+1 2

fl=(36)
fn=(116)
282 675
+1 270
cfi=(21)
cfn=(56)
calls=135 144 
* 3602
* 135
+1 135
-1 135
+3 135
+2 270
+6 127
+1 635
-3 135
-4 270
+1 429
cfi=(21)
cfn=(56)
calls=143 144 
* 3999
* 286
+6 8
-11 8
+11 32

fn=(156)
44 2
+3 1
-3 3
+3 1
-3 3
+3 1
cfi=(37)
cfn=(120)
calls=1 -8 
* 16
+1 2
+2 5
cfi=(41)
cfn=(130)
calls=1 -16 
* 10
* 2
+2 1
+3 1
-3 1
+3 1
+13 2
cfi=(46)
cfn=(142)
calls=1 -41 
* 5
+3 7
-14 6
cfi=(42)
cfn=(132)
calls=1 -13 
* 35
* 2

fl=(25)
fn=(68)
42 4
+1 1
-1 8
+1 4
-1 1
+1 1
cfi=(9)
cfn=(26)
calls=1 373 
* 18
* 1
+3 3
-3 1
+12 6
+1 3
+1 1
-2 1
+2 1
-2 5
+1 3
+1 1
-2 1
+2 1
-2 5
+10 3
fi=(26)
-37 4
fe=(25)
131 4
-2 1
+17 6
+3 2
329 9
69 3
+77 1
+20 1
-19 1
+36 10
+1 3
-1 2
+1 3
fi=(27) /build/glibc-OTsEL5/glibc-2.27/elf/../sysdeps/x86/dl-hwcap.h
57 6
fe=(25)
186 1
+1 1
cfi=(13)
cfn=(28)
calls=1 79 
* 16
+1 1
-1 1
+1 3
-5 1
+5 1
-5 1
+5 2
-5 5
+8 3
+2 1
+1 6
+4 1
+4 1
-3 1
-1 1
+4 2
+3 4
+4 3
+1 1
-1 5
+1 3
+2 3
+2 2
-1 1
+1 1
-1 1
+2 2
+7 2
+6 11
+1 4
cfi=(19)
cfn=(46)
calls=1 50 
* 18
* 1
+1 1
-1 1
+1 3
+29 13
+3 4
+7 1
+10 12
-4 2
-3 1
+3 1
cfi=(20)
cfn=(74)
calls=1 116 
* 16
* 2
-3 1
+3 1
cfi=(20)
cfn=(74)
calls=1 116 
* 16
* 6
+3 7
+1 12
+1 4
cfi=(20)
cfn=(74)
calls=1 116 
* 14
-2 1
+2 2
-2 1
+5 6
cfi=(20)
cfn=(74)
calls=2 116 
* 28
+2 2
-2 4
+2 5
-7 3
+12 1
+1 2
-1 9
+1 14
-1 18
+5 10
+4 3
-4 12
+4 33
+1 12
-1 12
+1 24
-2 12
+1 24
-1 39
+4 6
+5 1
-2 1
+2 1
-1 1
-1 2
+2 1
-1 1
+1 4
+2 6
+1 2
+3 2
-6 5
+13 8
+1 1
-1 2
+3 2
-3 3
+1 3
-1 6
+3 6
+3 3
+2 2
-15 2
-6 3
-42 2

fl=(49)
fn=(152)
34 8
-1 8
+1 8
+1 48
+4 1
-4 28

fl=(44)
fn=(136)
78 32
+1 8

fn=(350)
78 4
+1 1

fl=(21)
fn=(56)
144 442
+1 442
+2 442
+1 442
+21 442
+1 442
+1 331
+1 331
+1 298
+1 298
+1 298
+1 298
+21 298
+1 298
+1 298
+1 298
+1 298
+1 298
+1 298
+5 7
+1 7
+9 7
+1 7
+1 7
+1 7
+1 7
+1 7
+1 7
+1 7
-7 144
+1 144
+1 144
+1 144
+1 144
+1 144
+1 144
+1 144
+1 84
+1 51
+1 51
+1 51
+2 51
+1 51
+1 51
+1 51
+1 51
+1 51
-5 33
+1 33
+1 33
+1 33
+1 33
+1 33
+10 67
+1 67
+1 67
+2 67
+6 67
+1 67
+1 67
+1 67
+1 67
+5 67
+2 67
+1 67
+1 134
+8 67
+1 67
+3 67
+1 67
+1 67
+1 67
+1 67
+1 67
696 1
+1 1
+1 1
+1 1
+1 1
+2 1
+1 1
+1 1
+1 1
+1 1
+1 1
+1 1
+1 1
+4 1
+1 1
+1 1
+6 1
+1 1
+1 2
+4 1
+1 1
+3 1
+1 1
+1 1
+3 1
+1 1
+1 1
+6 1
+1 1
+1 1
+1 1
+1 1
+1 1
946 4
+1 4
+1 4
+1 4
+1 4
+2 4
+1 4
+1 4
+1 4
+1 4
+1 4
+1 4
+1 3
+4 3
+1 3
+1 3
+6 3
+1 3
+1 6
+4 3
+1 3
+3 3
+1 3
+1 3
+3 3
+1 3
+1 3
+6 3
+1 3
+1 3
+1 3
+1 3
+1 3
+72 22
+1 22
+1 22
+1 22
+1 22
+2 22
+1 22
+1 22
+1 22
+1 22
+1 22
+1 22
+1 4
+4 4
+1 4
+1 4
+6 4
+1 4
+1 8
+4 4
+1 4
+3 4
+1 4
+1 4
+3 4
+1 4
+1 4
+6 4
+1 4
+1 4
+1 4
+1 4
+1 4
+72 7
+1 7
+1 7
+1 7
+1 7
+2 7
+1 7
+1 7
+1 7
+1 7
+1 7
+1 7
+1 1
+4 1
+1 1
+1 1
+6 1
+1 1
+1 2
+4 1
+1 1
+3 1
+1 1
+1 1
+3 1
+1 1
+1 1
+6 1
+1 1
+1 1
+1 1
+1 1
+1 1
+72 2
+1 2
+1 2
+1 2
+1 2
+2 2
+1 2
+1 2
+1 2
+1 2
+1 2
+1 2
+1 1
+4 1
+1 1
+1 1
+6 1
+1 1
+1 2
+4 1
+1 1
+3 1
+1 1
+1 1
+3 1
+1 1
+1 1
+6 1
+1 1
+1 1
+1 1
+1 1
+1 1
+72 1
+1 1
+1 1
+1 1
+1 1
+2 1
+1 1
+1 1
+1 1
+1 1
+1 1
+1 1
+1 1
+4 1
+1 1
+1 1
+6 1
+1 1
+1 2
+4 1
+1 1
+3 1
+1 1
+1 1
+3 1
+1 1
+1 1
+6 1
+1 1
+1 1
+1 1
+1 1
+1 1
+72 3
+1 3
+1 3
+1 3
+1 3
+2 3
+1 3
+1 3
+1 3
+1 3
+1 3
+1 3
1696 3
+1 3
+1 3
+1 3
+1 3
+2 3
+1 3
+1 3
+1 3
+1 3
+1 3
+1 3
+1 2
+4 2
+1 2
+1 2
+6 2
+1 2
+1 4
+4 2
+1 2
+3 2
+1 2
+1 2
+3 2
+1 2
+1 2
+6 2
+1 2
+1 2
+1 2
+1 2
+1 2
+7 1
+1 1
+2 1
+1 1
+2 1
+1 1
+1 1
+3 1
+1 1
+1 1
+6 1
+1 1
+1 1
+1 1
+1 1
+1 1
+41 7
+1 7
+1 7
+1 7
+1 7
+2 7
+1 7
+1 7
+1 7
+1 7
+1 7
+1 7
+1 5
+4 5
+1 5
+1 5
+6 5
+1 5
+1 10
+4 5
+1 5
+3 5
+1 5
+1 5
+3 5
+1 5
+1 5
+6 5
+1 5
+1 5
+1 5
+1 5
+1 5
+72 10
+1 10
+1 10
+1 10
+1 10
+2 10
+1 10
+1 10
+1 10
+1 10
+1 10
+1 10
+1 2
+4 2
+1 2
+1 2
+6 2
+1 2
+1 4
+4 2
+1 2
+3 2
+1 2
+1 2
+3 2
+1 2
+1 2
+6 2
+1 2
+1 2
+1 2
+1 2
+1 2
+72 24
+1 24
+1 24
+1 24
+1 24
+2 24
+1 24
+1 24
+1 24
+1 24
+1 24
+1 24
+2 19
+4 19
+1 19
+1 19
+6 19
+1 19
+2 38
+4 19
+1 19
+3 19
+1 19
+1 19
+3 19
+1 19
+1 19
+6 19
+1 19
+1 19
+1 19
+1 19
+1 19
+74 106
+2 106
+1 106
+1 106
+1 106
-3 45
+1 45
+1 45
+1 45
+1 153
+5 51
+6 51
+1 51
+8 51
+1 51
-16 391
+6 391
+1 391
+8 391
+1 391

fl=(48)
fn=(148)
60 10
+7 5
-4 15
+1 5
-1 5
+1 5
-1 25
cfi=(24)
cfn=(114)
calls=5 2080 
* 10390
* 5
+5 10

fn=(146)
159 1
-1 1
+1 1
-1 5
+1 1
-1 2
+1 1
-1 2
+1 1
-1 1
+1 1
-8 1
+8 2
-8 1
-6 1
+14 1
-8 1
+24 1
-32 1
+1 1
+1 1
+6 1
+24 2
-28 2
-2 1
+31 1
-33 3
+2 2
-1 1
+1 2
+6 3
+24 1
-24 1
+24 7
+4 1
+19 1
+2 2
-14 1
-1 1
+13 5
+11 1
+4 4
-4 4
+4 16
+12 15
+2 3
+8 3
-8 3
+6 3
-6 3
+6 3
+1 3
+4 3
-3 3
-3 3
+2 3
+4 12
+66 3
-98 3
+98 3
-66 6
+7 25
cfi=(29)
cfn=(84)
calls=5 24 
* 163
* 10
+4 15
-2 5
+2 5
cfi=(34)
cfn=(108)
calls=5 -74 
* 10730
* 5
+1 10
+9 5
+2 10
+5 3
+6 3
+2 3
-8 6
+3 3
+1 3
+1 3
+1 3
+4 15
+4 10
+1 9
-43 324
+1 162
+44 228
434 6
+2 9
+3 6
-1 3
cfi=(19)
cfn=(46)
calls=3 50 
* 54
* 3
+2 3
-2 3
+2 3
+3 3
+1 12
-1 3
+1 3
cfi=(20)
cfn=(48)
calls=3 129 
* 30
+1 15
cfi=(20)
cfn=(48)
calls=3 129 
* 30
+4 3
-1 3
+5 36
+7 6
+4 4
+11 3
-1 1
cfi=(19)
cfn=(46)
calls=1 50 
* 18
* 1
+3 1
-3 1
+3 4
+5 1
+1 1
-1 1
+3 2
-3 4
+9 2
+4 3
-10 3
-3 4
+9 8
+4 12
-10 12
+13 2
+51 2
+2 1
-1 1
+1 2
+35 7
cfi=(20)
cfn=(48)
calls=1 129 
* 18
+4 5
cfi=(52)
cfn=(164)
calls=1 28 
* 350
+3 1
+3 1
-1 1
+2 4
+7 3
+3 2
+3 8
225 8
-19 2
434 5
+27 2
214 32
+2 3
+2 12
+2 26
456 12
-1 5
+1 12
199 3
573 8

fl=(15)
fn=(34)
29 3
+3 10
+13 68
-13 204
+2 140
+1 20
+5 2
-3 2
+3 2
+2 2
+7 1

fl=(16)
fn=(36)
24 2
+1 2
+1 2
+1 2
+1 2
+1 2
+1 2
+1 2
+3 2
+1 2
+1 1
+1 1
+1 1
+1 1
+1 1
+1 1
+1 1
+2 2
+1 2
+1 1
+1 1
+1 1
+1 1
+1 1
+1 1
+1 1
+2 2
+1 2
+1 2
+1 2
+1 2
+1 2
+1 1
+1 1
+1 1
+2 1
+1 1
+1 1
+1 1
+1 1
+1 1
+29 2
+1 2
+15 2
+1 2

fl=(19)
fn=(42)
92 10
+8 10
-1 20
-3 10
+4 20
+3 10
cfn=(46)
calls=10 -53 
* 246
* 10

fn=(46)
50 107
+11 52
+3 26
-3 26
+3 52
-3 2
+3 1
-3 1
+3 102
-15 6
+20 8
+1 4
+2 2
+1 16
cfi=(42)
cfn=(132)
calls=2 -29 
* 70
+2 4
+2 6
+2 2
+3 2
-3 4
+4 2
+2 10
-2 25
-1 25
+3 50
-29 1
-1 1
+1 1
+1 2
-2 4

fn=(80)
265 4
+2 2
+1 4
+4 33
+7 84
-2 56
+13 1
+4 2
-7 14
-15 44

fn=(90) free
111 4

fl=(113)
fn=(452)
66 4
+6 4
-6 2
+3 4
+3 6
-4 2
+5 2
+2 2
-2 10
+2 2
-2 2
+2 2
+5 4
+4 4
+4 2
+7 2
-7 4
+4 4
+1 8
+2 8
+7 4
-1 2
+1 2
+10 18
cfi=(6)
cfn=(188)
calls=2 790 
* 2107
* 2
+4 10
+10 14
+16 2
-8 2
+8 6
+4 6
fi=(5)
+96 2
fe=(113)
-92 6

fl=(11)
fn=(62)
45 4
+2 3
+85 5
-45 3
cfi=(23)
cfn=(64)
calls=1 -9 
* 5
* 1
+15 1
-15 1
+20 1
-1 1
+3 12
+4 3
-2 6
+2 10
+2 1
+1 2
-3 4
+7 3
-1 3
+4 3
-2 3
+2 10
+5 2

fl=(8)
fn=(24)
34 2
+4 4
+3 3
+4 1
-4 1
+4 1
-4 1
+3 1
+1 2
+1 4
+1 4
+1 3
+1 2
+7 2
+1 7
+7 3
+4 2
+2 4
+40 2
+4 4
+1 2
+3 1
+7 1
-8 1
+4 1
+2 1
-2 1
+4 2
+3 2
+50 3
74 2
+3 3
+3 1
-3 1
+3 1
+2 3
+2 2
+7 3
-5 3

ob=(3)
fl=(157) /build/glibc-OTsEL5/glibc-2.27/stdio-common/printf.c
fn=(664) printf
28 492
+4 12
+1 24
-1 60
+1 36
cfi=(158) /build/glibc-OTsEL5/glibc-2.27/stdio-common/vfprintf.c
cfn=(666) vfprintf
calls=12 1244 
* 32936
-5 99
+4 33
+1 66
-1 165
+1 99
cfi=(158)
cfn=(666)
calls=33 1244 
* 21491
+4 225

fl=(141) /build/glibc-OTsEL5/glibc-2.27/stdlib/../sysdeps/x86_64/lshift.S
fn=(572) __mpn_lshift
29 98554
+1 98554
+2 98554
+1 98554
+1 98554
+12 98554
+1 98554
+1 98554
+1 98554
+1 98554
+1 98554
+1 98554
+6 98554
+1 98554
+1 98554

fl=(123) /build/glibc-OTsEL5/glibc-2.27/libio/iogetline.c
fn=(496) _IO_getline
33 22
+20 2
-20 2
+20 4
+2 6
+28 2
+2 4
-2 2
+2 4
cfi=(127) /build/glibc-OTsEL5/glibc-2.27/string/../sysdeps/x86_64/multiarch/memchr-avx2.S
cfn=(522) __memchr_avx2
calls=2 -42 
* 36
* 2
+1 2
-1 2
+1 2
-29 9
+1 6
+2 2
cfi=(118) /build/glibc-OTsEL5/glibc-2.27/libio/genops.c
cfn=(498) __uflow
calls=1 318 
* 467
+1 2
+6 2
+11 1
-1 2
-22 2
+34 2
+1 2
-2 2
+1 2
-1 2
+2 4
+2 2
+2 4
+2 10
cfi=(128) /build/glibc-OTsEL5/glibc-2.27/string/../sysdeps/x86_64/multiarch/memmove-vec-unaligned-erms.S
cfn=(526) __memcpy_avx_unaligned_erms
calls=2 217 
* 26
* 2
+1 2
+1 2
-1 2
-62 16
+19 2

fl=(107) /build/glibc-OTsEL5/glibc-2.27/libio/iofopen.c
fn=(432) fopen@@GLIBC_2.2.5
88 10
-23 2
+23 4
-23 2
cob=(2)
cfi=(18)
cfn=(434) 0x0000000004feb2c0
calls=2 -65 
* 63672
+2 6
+3 2
+2 8
-2 2
+2 6
cfi=(118)
cfn=(478) _IO_no_init
calls=2 590 
* 120
+1 2
+1 2
-1 2
+1 2
cfi=(119) /build/glibc-OTsEL5/glibc-2.27/libio/fileops.c
cfn=(482) _IO_new_file_init_internal
calls=2 +33 
* 198
+4 10
cfi=(119)
cfn=(486) _IO_file_fopen@@GLIBC_2.2.5
calls=2 214 
* 283
* 4
-41 4
+53 14

fl=(172) /build/glibc-OTsEL5/glibc-2.27/stdlib/divrem.c
fn=(714) __mpn_divrem
46 52656
+3 13164
234 59238
62 6582
+1 6582
-16 6582
+18 13164
+7 14301
+1 379
-1 758
+1 758
-1 758
+4 13164
+3 6582
+2 6582
-14 898
+1 1796

fl=(68)
fn=(224)
38 4
+3 4
+6 1

fl=(153) /build/glibc-OTsEL5/glibc-2.27/misc/../sysdeps/unix/sysv/linux/mmap64.c
fn=(644) mmap
44 2
+3 1
-6 12
+6 1
+5 10
+2 7
-7 2

fl=(162) /build/glibc-OTsEL5/glibc-2.27/stdlib/../sysdeps/ieee754/dbl-64/dbl2mpn.c
fn=(682) __mpn_extract_double
37 10012
-2 10012
+2 20024
+1 10012
+9 20024
+9 10012
-18 30036
+18 10012
-18 10012
+9 10012
+9 10012
+47 20024
+4 10012
-4 10012
+4 10012

fl=(184) /build/glibc-OTsEL5/glibc-2.27/nptl/unregister-atfork.c
fn=(768) __unregister_atfork
28 12
+8 3
-8 9
+11 6
+82 18

fl=(127)
fn=(522)
43 2
+1 2
+2 2
+2 2
+5 2
+3 2
+1 2
+1 2
+3 2
+1 2
+1 2
+3 2
247 2
+2 2
+1 2
+1 2
+1 2
+1 2

fn=(540) __rawmemchr_avx2
46 2
+2 2
+5 2
+3 2
+1 2
+1 2
+3 1
+1 1
+1 1
+8 1
+19 1
+1 1
+1 1
+1 1
+2 1
+1 1
+1 1
+1 1
+6 1
+1 1
+1 1
+1 1
298 1
+1 1
+1 1
+1 1

fl=(175) /build/glibc-OTsEL5/glibc-2.27/stdlib/random_r.c
fn=(728) random_r
357 400
+5 100
-2 100
+2 200
+9 100
+1 100
+1 100
+3 200
+3 200
-3 100
+2 100
+2 100
-2 100
+2 100
+11 3
+1 3
+2 6
-6 194
-28 6
+32 3
+2 3
-3 6
-31 94
+32 94
+2 94
-3 188

fl=(60)
fn=(230)
32 2
-2 2
+2 4
-2 6
fi=(187) /build/glibc-OTsEL5/glibc-2.27/string/../sysdeps/x86_64/multiarch/strnlen.c
+1 2
fe=(60)

fn=(258)
32 1
-2 1
+2 2
-2 3
fi=(188) /build/glibc-OTsEL5/glibc-2.27/string/../sysdeps/x86_64/multiarch/memchr.c
-1 1
fe=(60)

fn=(212)
32 1
-2 1
+2 2
-2 3
fi=(189) /build/glibc-OTsEL5/glibc-2.27/string/../sysdeps/x86_64/multiarch/rawmemchr.c
+1 1
fe=(60)

fn=(204)
32 1
-2 1
+2 2
-2 3
fi=(190) /build/glibc-OTsEL5/glibc-2.27/string/../sysdeps/x86_64/multiarch/strrchr.c
-2 1
fe=(60)

fn=(268)
32 1
-2 1
+2 2
-2 3
fi=(191) /build/glibc-OTsEL5/glibc-2.27/string/../sysdeps/x86_64/multiarch/strchrnul.c
+1 1
fe=(60)

fn=(250)
32 1
-2 1
+2 2
-2 3
fi=(192) /build/glibc-OTsEL5/glibc-2.27/string/../sysdeps/x86_64/multiarch/strlen.c
-1 1
fe=(60)

fn=(252)
32 1
-2 1
+2 2
-2 3
fi=(193) /build/glibc-OTsEL5/glibc-2.27/string/../sysdeps/x86_64/multiarch/memrchr.c
-1 1
fe=(60)

fl=(101) /build/glibc-OTsEL5/glibc-2.27/stdlib/cxa_atexit.c
fn=(404) __cxa_atexit
65 7
-26 2
+26 1
-26 5
+1 2
cfn=(406) __new_exitfn
calls=1 +44 
* 29
+2 2
+7 2
+3 1
-1 1
+2 1
+1 1
+1 4
+1 1
+11 6

fn=(406)
84 2
-6 2
+1 2
-1 1
+11 5
+2 3
-2 1
+10 2
-10 2
+45 1
+1 1
+4 4
-19 1
+1 2

fl=(130) /build/glibc-OTsEL5/glibc-2.27/stdio-common/isoc99_sscanf.c
fn=(532) __isoc99_sscanf
26 20
+4 2
+1 2
-1 10
+1 2
cfi=(131) /build/glibc-OTsEL5/glibc-2.27/stdio-common/isoc99_vsscanf.c
cfn=(534) __isoc99_vsscanf
calls=2 +2 
* 2987
+4 10

fl=(96)
fn=(380)
488 7
+14 6
758 2
+2 1
+1 1
+2 1
-3 1
+5 1
-5 1
+4 3
+4 2
+3 2
+2 1
+1 1
+2 1
-3 1
+5 1
-5 1
+4 3
+9 1
+2 8
-2 1
+3 8
500 1
+4 1
-4 1
+4 1
cfn=(382) handle_intel.constprop.1
calls=1 259 
* 469
+2 1
-2 1
+2 1
cfn=(382)
calls=1 259 
* 515
+5 1
-5 1
+5 1
cfn=(382)
calls=1 259 
* 542
+8 1
-8 1
+8 1
+11 1
-20 1
+25 3
+4 2
+8 6
+3 2
+9 6
+14 2
+4 1
+3 1
+1 1
-4 1
+3 1
-3 1
+3 1
+6 8
-39 3
+3 9
+6 6
-6 3
+6 2
+3 20
+5 2
+4 1
+1 1
-1 3
691 4
+1 5
+4 2
+59 2
592 2
+8 1
+2 1
-2 6
+2 4
-2 1
+4 1
+23 2
-25 2
+2 6
+2 6
+3 2
+1 8
+2 4
+3 2
+5 1
+2 2
+1 1
-1 1
+2 1
-2 1
+1 2
+27 2
+1 1
+1 2
+2 1
-1 1
+1 1
-24 3
+4 2
+3 1
+2 4
+1 1
+5 2

fn=(384) intel_check_word.isra.0
132 12
+6 6
-10 18
+10 6
-10 6
+10 6
-10 6
+10 12
-10 6
+10 6
+2 6
-2 6
+2 18
250 12
140 24
+2 15
+2 30
+8 30
+51 24
+22 12
fi=(97) /build/glibc-OTsEL5/glibc-2.27/string/../bits/stdlib-bsearch.h
28 12
-1 24
+4 24
+1 12
fe=(96)
+87 24
fi=(97)
-88 138
+1 69
fe=(96)
+87 138
+3 81
fi=(97)
-93 252
+8 15
-8 36
fe=(96)
134 3
255 36
-91 9
+3 9
-6 13
+3 4
+9 4
+5 14
+1 10
+17 5
-32 15
+3 15
+4 14
+2 28
+2 14
+2 8
+4 3
+2 6
+2 3
+2 3
-2 3
+2 6
-2 3
+3 9
-2 12
+2 6
-24 2
+7 2
+2 4

fn=(382)
259 21
+2 3
-2 9
+5 9
+8 3
+1 3
-3 3
+5 12
+6 6
+5 3
-5 9
+5 3
+2 3
+1 3
-1 3
+5 18
cfn=(384)
calls=3 132 
* 1035
+2 6
+3 21
cfn=(384)
calls=3 132 
* 314
+2 6
+19 33

fl=(163) /build/glibc-OTsEL5/glibc-2.27/stdlib/cmp.c
fn=(684) __mpn_cmp
35 3574
+2 1413
+1 1413
+1 2826
+8 5195
-5 187
+6 187

fl=(164) /build/glibc-OTsEL5/glibc-2.27/nptl/alloca_cutoff.c
fn=(686) __libc_alloca_cutoff
28 90108
+7 10012

fl=(63) /build/glibc-OTsEL5/glibc-2.27/elf/../sysdeps/unix/sysv/linux/dl-vdso.c
fn=(210) _dl_vdso_vsym
25 20
+1 8
+4 8
+18 24
-21 4
+20 4

fl=(185) /build/glibc-OTsEL5/glibc-2.27/posix/../sysdeps/unix/sysv/linux/_exit.c
fn=(830) _Exit
27 2
+4 1
+2 2

fl=(118)
fn=(478)
590 36
+1 4
cfn=(480) _IO_old_init
calls=4 -30 
* 104
+2 4
-1 4
+1 4
+2 2
+1 2
+1 2
+1 2
+1 2
+1 2
+1 2
+1 2
+1 2
+1 2
+1 2
+1 2
+2 2
+6 2
+1 12
-1 2
+1 12
-2 4

fn=(504) _IO_doallocbuf
362 6
-1 9
+3 12
+4 12
-3 3
fi=(129) /build/glibc-OTsEL5/glibc-2.27/libio/libioP.h
870 9
+2 6
+1 6
fe=(118)
365 6
cfi=(124) /build/glibc-OTsEL5/glibc-2.27/libio/filedoalloc.c
cfn=(506) _IO_file_doallocate
calls=3 78 
* 998
* 6

fn=(514) _IO_switch_to_get_mode
164 1060
+1 795
+3 795
+5 265
-1 530
+1 265
+7 265
-4 265
+2 530
+2 265
+1 265
+1 1060

fn=(614) _IO_default_finish
628 8
+2 2
-2 6
+2 4
+6 6
+3 6
54 4
651 14

fn=(498)
318 795
-1 1060
+6 1325
+3 530
+2 530
+6 530
+7 265
fi=(129)
870 795
+2 530
+1 530
fe=(118)
341 265
+1 265
-1 265
+1 530
-1 265
cfn=(500) _IO_default_uflow
calls=265 +38 
* 30261
-23 530
+21 795

fn=(600) _IO_unsave_markers
1019 4
+19 6
189 2

fn=(628) __overflow
217 270
+2 405
+2 135
fi=(129)
870 405
+2 270
+1 270
fe=(118)
221 135
+1 270
-1 135
cfi=(119)
cfn=(622) _IO_file_overflow@@GLIBC_2.2.5
calls=135 747 
* 8526

fn=(512) _IO_setb
347 21
+1 32
+3 7
+2 28
-3 7
+3 14
+3 27
-7 2
cob=(2)
cfi=(18)
cfn=(606) 0x0000000004feb2c8
calls=2 0 
* 224
* 10

fn=(626) _IO_default_xsputn
392 54
-3 135
fi=(129)
870 27
fe=(118)
389 27
fi=(129)
870 27
fe=(118)
389 135
fi=(129)
870 54
fe=(118)
407 52
+8 26
+2 180
fi=(129)
872 84
+1 84
fe=(118)
417 168
cfi=(119)
cfn=(622)
calls=42 747 
* 1386
* 84
+2 84
-22 276
+2 78
+3 52
+20 27
-29 27
+29 189
-15 26
+5 78
-1 52
+1 96
-1 64
+2 104

fn=(596) _IO_un_link
53 24
+1 8
+4 8
+1 20
+2 2
-2 2
+1 2
+1 2
-2 2
+2 2
-2 2
+2 30
+2 2
-2 2
+2 4
+2 4
+9 2
+2 2
-2 2
+2 16
+2 2
-1 2
+1 16
+1 4
+3 28
-6 14
-18 8
+8 6

fn=(818) _IO_flush_all_lockp
749 11
+5 4
+1 11
+3 1
-8 1
+5 1
+3 1
-3 1
+3 1
fi=(129)
870 2
fe=(118)
762 1
fi=(129)
870 2
fe=(118)
-98 6
-14 3
+16 3
-16 6
+3 3
-1 3
+1 3
+3 22
+14 9
+1 3
+4 12
-29 4

fn=(480)
561 4
-2 4
+1 4
-1 4
+2 8
+16 4
-14 4
+1 4
+13 4
+5 4
-17 4
+1 4
+1 4
+1 4
+14 4
-13 4
+1 4
+1 4
+2 4
+1 4
+1 4
+1 4
+6 4
+1 4
+2 4

fn=(500)
379 530
fi=(129)
870 530
fe=(118)
379 530
+1 265
fi=(129)
870 265
+2 530
+1 530
fe=(118)
380 530
cfi=(119)
cfn=(502) _IO_file_underflow@@GLIBC_2.2.5
calls=265 +98 
* 23905
+1 530
+2 1056
+1 1060

fn=(816) _IO_cleanup
918 2
+3 1
-3 8
+3 1
cfn=(818)
calls=1 749 
* 114
-72 1
+72 1
-72 2
+1 11
+3 1
-3 1
+3 1
-3 1
+3 1
fi=(129)
+17 2
fe=(118)
-7 1
fi=(129)
+7 2
fe=(118)
+23 3
-40 9
+2 9
+2 6
+6 12
+8 2
+9 1
fi=(129)
-8 2
+1 2
fe=(118)
+7 4
cfi=(119)
cfn=(824) _IO_file_setbuf@@GLIBC_2.2.5
calls=1 389 
* 83
+2 3
+4 5
+1 9
+10 9
+1 2
+35 12
-62 3
+2 2
+2 1
+1 1
-1 1
+2 3
-28 4
+14 4

fn=(826) _IO_default_setbuf
479 2
fi=(129)
870 1
fe=(118)
479 3
fi=(129)
870 1
fe=(118)
479 3
+1 1
fi=(129)
870 1
+2 2
+1 2
fe=(118)
480 2
cfi=(119)
cfn=(828) _IO_file_sync@@GLIBC_2.2.5
calls=1 807 
* 17
* 3
+2 2
+7 1
-7 1
+10 2
+2 1
-2 1
+1 3
+2 6
-11 1
348 1
485 1
-1 1
+1 1
348 3
+7 1
-5 1
+1 1
+4 2

fn=(484) _IO_link_in
87 24
+1 12
+4 2
-2 6
+2 4
+1 22
+2 2
-1 2
-1 2
+2 2
-2 2
+2 26
+2 2
-2 2
+5 2
-2 2
-1 2
+3 28
+2 2
-1 2
+1 16
+1 4
+3 28
-14 8

fn=(544) _IO_sputbackc
662 2125016
+3 1593762
+1 1062508
+9 531254
+3 2125016
-10 2125016

fl=(174) /build/glibc-OTsEL5/glibc-2.27/stdlib/random.c
fn=(726) random
288 100
+3 100
-3 300
+3 400
+2 300
cfi=(175)
cfn=(728)
calls=100 +64 
* 2694
+2 400
+3 200
-1 100
+1 300

fl=(179) /build/glibc-OTsEL5/glibc-2.27/stdio-common/fprintf.c
fn=(746) fprintf
27 180000
+4 10000
+1 10000
-1 50000
+1 10000
cfi=(158)
cfn=(666)
calls=10000 1244 
* 22821446
+4 50000

fl=(146) /build/glibc-OTsEL5/glibc-2.27/stdio-common/isoc99_fscanf.c
fn=(588) __isoc99_fscanf
26 1151046
+4 1328130
+3 88542
-2 88542
+3 354168
-1 442710
+1 88542
cfi=(133) /build/glibc-OTsEL5/glibc-2.27/stdio-common/vfscanf.c
cfn=(542) _IO_vfscanf
calls=88542 280 
* 180781261
fi=(147) /build/glibc-OTsEL5/glibc-2.27/stdio-common/../libio/libioP.h
805 88542
+1 88542
fe=(146)
34 88542
fi=(147)
806 88542
+1 708336
fe=(146)
39 619794

fl=(77)
fn=(274)
42 2
fi=(62) /build/glibc-OTsEL5/glibc-2.27/time/../sysdeps/generic/dl-hash.h
+2 1
+1 1
fe=(77)
-3 3
fi=(62)
+1 1
+5 3
+14 4
-17 3
+3 9
+14 12
-17 9
+22 1
fe=(77)
-25 6
cfi=(63)
cfn=(210)
calls=1 -17 
* 17
* 5

fl=(116) /build/glibc-OTsEL5/glibc-2.27/misc/sbrk.c
fn=(474) sbrk
32 484
+8 484
-8 1452
+8 2901
+1 2
cfi=(117) /build/glibc-OTsEL5/glibc-2.27/misc/../sysdeps/unix/sysv/linux/x86_64/brk.c
cfn=(476) brk
calls=1 -10 
* 12
* 3
+3 968
+4 1263
+12 1095
-4 530
cfi=(117)
cfn=(476)
calls=265 -25 
* 3180
* 530
+4 1325
-10 218
-2 327

fl=(124)
fn=(506)
78 24
+6 12
fi=(129)
870 9
+2 6
+1 6
fe=(124)
84 9
cfi=(119)
cfn=(508) _IO_file_stat
calls=3 1169 
* 42
* 6
+2 12
+11 12
+4 6
cob=(2)
cfi=(18)
cfn=(434)
calls=3 0 
* 737
* 3
+2 3
-1 6
+2 12
cfi=(118)
cfn=(512)
calls=3 347 
* 54
+1 3
+1 24
-15 1
fi=(194) /build/glibc-OTsEL5/glibc-2.27/libio/../misc/sys/sysmacros.h
-12 6
fe=(124)
+12 1
-2 2
+5 2

fl=(117)
fn=(476)
31 2128
+8 266
-6 532
+7 266

fl=(128)
fn=(526)
217 1957
+2 1957
+1 1957
+44 1957
+1 1957
+2 2
+1 2
+1 1
+1 1
+21 1955
+1 1955
+1 1955
+1 1955
+1 1955
+4 1
+1 1
+1 1
+1 1
+1 1
+3 1
+1 1
+1 1
+1 1
+1 1

fn=(674) __mempcpy_avx_unaligned_erms
204 60136
+1 60136
+1 60136
+13 60136
+1 60136
+1 6
+1 6
+3 6
+1 6
+1 6
+1 6
+2 6
+1 6
+33 60130
+1 60130
+2 60129
+1 60129
+1 60118
+1 60118
+1 42065
+1 42065
+1 40081
+1 40081
+1 40081
+2 40081
+14 1
+1 1
+1 1
+1 1
+1 1
+4 11
+1 11
+1 11
+1 11
+1 11
+3 18053
+1 18053
+1 18053
+1 18053
+1 18053
+3 1984
+1 1984
+1 1984
+1 1984
+1 1984

fl=(64)
fn=(214)
32 2
-2 2
+2 4
-2 6
fi=(195) /build/glibc-OTsEL5/glibc-2.27/wcsmbs/../sysdeps/x86_64/multiarch/wmemchr.c
+1 2
fe=(64)

fn=(260)
32 1
-2 1
+2 2
-2 3
fi=(196) /build/glibc-OTsEL5/glibc-2.27/wcsmbs/../sysdeps/x86_64/multiarch/wcslen.c
-1 1
fe=(64)

fn=(228)
32 2
-2 2
+2 4
-2 6
fi=(197) /build/glibc-OTsEL5/glibc-2.27/wcsmbs/../sysdeps/x86_64/multiarch/wcschr.c
+1 2
fe=(64)

fl=(67)
fn=(222)
38 4
+1 3
+9 1

fl=(74)
fn=(248)
40 2
-2 1
+2 2
-2 2
+11 1

fl=(177) /build/glibc-OTsEL5/glibc-2.27/rt/../sysdeps/unix/clock_gettime.c
fn=(734) clock_gettime
93 1212
+22 1010
cfi=(155) /build/glibc-OTsEL5/glibc-2.27/misc/../sysdeps/unix/syscall-template.S
cfn=(736) __syscall_clock_gettime
calls=202 -56 
* 606
* 404
+19 808

fl=(90)
fn=(366)
52 8
+3 3
+14 1
fi=(91) /build/glibc-OTsEL5/glibc-2.27/csu/../sysdeps/generic/dl-hash.h
-25 1
fe=(90)
+23 1
+1 1
fi=(91)
-23 1
fe=(90)
+24 1
fi=(92) /build/glibc-OTsEL5/glibc-2.27/csu/../sysdeps/unix/sysv/linux/x86_64/init-first.c
-33 4
fi=(91)
+7 1
+5 3
+14 4
-17 3
+3 9
+14 12
-17 9
+22 1
fi=(92)
-31 2
+2 2
-2 1
+2 2
cfi=(63)
cfn=(210)
calls=1 -13 
* 17
+2 1
+4 1
-4 1
+4 1
-4 1
+1 2
+1 1
+2 1
cfi=(63)
cfn=(210)
calls=1 -19 
* 17
fe=(90)
+37 3
fi=(92)
-36 2
+1 1
fe=(90)
+35 1
cfi=(93) /build/glibc-OTsEL5/glibc-2.27/misc/init-misc.c
cfn=(372) __init_misc
calls=1 -50 
* 70
+3 1
cfi=(95) /build/glibc-OTsEL5/glibc-2.27/ctype/ctype-info.c
cfn=(378) __ctype_init
calls=1 -53 
* 16
+5 6
-27 1
-7 1
+7 4

fl=(122) /build/glibc-OTsEL5/glibc-2.27/libio/iofgets.c
fn=(494) fgets
37 4
+2 2
-7 10
+7 2
+8 36
+4 2
+2 2
-1 2
+1 4
-1 2
+1 6
-2 2
+2 2
cfi=(123)
cfn=(496)
calls=2 -20 
* 667
+5 2
-2 10
fi=(129)
797 16
fe=(122)
67 10
-6 6
+3 4
fi=(129)
796 4
fe=(122)

fl=(135) /build/glibc-OTsEL5/glibc-2.27/stdlib/../stdlib/strtol_l.c
fn=(548) ____strtoul_l_internal
226 354170
+48 177085
-48 885425
+47 177085
-47 354170
+26 354170
+31 708340
+9 1062510
+2 354170
+5 354170
+5 177085
-6 177085
+6 177085
+4 354170
+10 354170
+7 354170
+49 177085
-1 354170
+61 177085
-61 177085
+1 177085
+4 177085
-4 177085
+60 531255
+16 177085
+10 177085
+1 177085
-84 177085
-1 177085
+96 177085
-22 354170
+17 689185
+5 689185
+1 2067555
-41 1378370
+2 2402570
+2 2067555
+28 2067555
+3 1378370
+11 354170
+5 354170
+1 177085
+12 354170
+11 885425
+18 1416680
328 708340
-82 354170

fl=(181) /build/glibc-OTsEL5/glibc-2.27/stdlib/cxa_thread_atexit_impl.c
fn=(754) __call_tls_dtors
145 3
+1 4
+18 4

fl=(171) /build/glibc-OTsEL5/glibc-2.27/stdlib/../sysdeps/x86_64/rshift.S
fn=(712) __mpn_rshift
29 1465
+1 1465
+1 1465
+13 1465
+1 1465
+16 1465
+1 1465
+1 1465
+1 1465
+1 1465
+1 1465
+1 1465
+5 1465
+1 1465
+1 1465
+1 1465
+1 1465

fl=(58)
fn=(234)
32 5
fi=(71) /build/glibc-OTsEL5/glibc-2.27/string/../sysdeps/x86_64/multiarch/strncase.c
-1 1
fe=(58)

fn=(198)
32 5
fi=(59) /build/glibc-OTsEL5/glibc-2.27/string/../sysdeps/x86_64/multiarch/strcasecmp.c
-1 1
fe=(58)

fn=(254)
32 5
fi=(75) /build/glibc-OTsEL5/glibc-2.27/string/../sysdeps/x86_64/multiarch/strcasecmp_l.c
-1 1
fe=(58)

fn=(270)
32 5
fi=(76) /build/glibc-OTsEL5/glibc-2.27/string/../sysdeps/x86_64/multiarch/strncase_l.c
-1 1
fe=(58)

fl=(139) /build/glibc-OTsEL5/glibc-2.27/stdlib/strtod_l.c
fn=(564) ____strtod_l_internal
507 442710
+72 88542
-72 619794
+53 88542
+20 88542
-18 88542
-55 88542
+55 88542
+32 354168
+1 177084
cfi=(140) /build/glibc-OTsEL5/glibc-2.27/string/../sysdeps/x86_64/multiarch/strlen-avx2.S
cfn=(568) __strlen_avx2
calls=88542 52 
* 1328130
* 88542
+1 88542
-1 88542
+1 354168
+4 88542
+6 88542
+4 177084
-1 177084
+1 88542
-1 88542
+1 88542
+3 177084
+5 88542
-17 88542
+17 88542
+13 265626
+1 177084
+8 265626
1769 973962
688 265626
+19 88542
513 88542
707 88542
+25 265626
+16 177084
+43 88542
-17 637143
+1 177084
+12 177084
+16 177084
+42 354168
+9 177084
+1 177084
+18 177084
+6 88542
+1 88542
-1 88542
+1 88542
778 247678
+22 247678
-26 247678
894 88542
1012 177084
+10 619794
+19 177084
+1 177084
+2 177084
881 354168
993 177084
+54 177084
+33 177084
+92 88542
+2 531252
+2 88542
-1 88542
+1 177084
+3 354168
+12 177084
+3 177084
707 265626
513 177084
1197 1151046
cfn=(570) str_to_mpn.isra.0
calls=88542 364 
* 4673580
+6 88542
-6 88542
+6 531252
+44 88542
+1 177084
-1 177084
+1 88542
+4 88542
-4 88542
+4 88542
+6 177084
+32 177084
+3 1062504
+2 177084
+10 442710
cfi=(141)
cfn=(572)
calls=88542 29 
* 1328130
+4 265626
+15 619794
cfn=(574) round_and_return
calls=88542 215 
* 8057322
* 88542

fn=(570)
364 619794
+14 88542
-1 88542
-13 88542
+14 442710
-4 88542
-1 177084
+39 495356
+13 247678
+1 123839
+2 123839
-3 123839
+3 123839
-47 70594
+49 265626
+7 265626
+2 265626
+2 88542
+1 88542
+15 796878

fn=(574)
215 1239588
fi=(142) /build/glibc-OTsEL5/glibc-2.27/stdlib/../sysdeps/generic/get-rounding-mode.h
94 88542
+1 442710
fe=(139)
218 177084
+94 177084
+43 973962
fi=(142)
95 177084
+9 177084
fe=(139)
318 885420
fi=(143) /build/glibc-OTsEL5/glibc-2.27/stdlib/../include/rounding-mode.h
46 354168
fe=(139)
349 354168
+5 265626
cfi=(144) /build/glibc-OTsEL5/glibc-2.27/stdlib/../sysdeps/ieee754/dbl-64/mpn2dbl.c
cfn=(580) __mpn_construct_double
calls=88542 39 
* 1239588
* 88542
fi=(143)
46 177084
+6 265626
+6 442710
fe=(139)
312 531252

fl=(173) /build/glibc-OTsEL5/glibc-2.27/stdlib/rand.c
fn=(724) rand
26 100
+1 100
cfi=(174)
cfn=(726)
calls=100 288 
* 4894
+1 200

fl=(126) /build/glibc-OTsEL5/glibc-2.27/io/../sysdeps/unix/sysv/linux/read.c
fn=(518) read
27 2120
+1 265

fl=(160) /build/glibc-OTsEL5/glibc-2.27/stdio-common/printf_fp.c
fn=(676) __printf_fp
1272 10012
-1 10012
+1 40048
cfn=(678) __printf_fp_l
calls=10012 213 
* 10812234

fn=(678)
213 140168
+50 10012
-50 20024
+41 10012
+16 20024
-7 10012
+10 10012
-10 30036
+10 10012
-10 10012
+10 10012
fi=(161) /build/glibc-OTsEL5/glibc-2.27/stdio-common/../include/../locale/localeinfo.h
+36 10012
fe=(160)
-15 10012
fi=(161)
+15 20024
fe=(160)
-33 20024
+18 10012
+8 10012
-71 10012
-1 10012
383 30036
+5 20024
+40 10012
+13 10012
-13 60072
+1 10012
+1 20024
+3 40048
+1 20024
+1 20024
-2 10012
+1 10012
-1 10012
+2 10012
+7 10012
-8 10012
+1 10012
+7 10012
+17 8568
+16 2448
-19 2448
-1 2448
-10 1224
+92 3672
-48 3672
+42 1224
-1 1224
+1 1224
-1 1224
+1 2448
cfi=(128)
cfn=(526)
calls=1224 217 
* 12240
* 1224
* 1224
+16 4173
+9 495
+2 990
-2 14686
+2 44060
-78 14688
+4 73440
-4 1224
+4 6120
+2 3678
+51 2
+2 2
-2 8
cfi=(178) /build/glibc-OTsEL5/glibc-2.27/stdlib/mul.c
cfn=(738) __mpn_mul
calls=2 48 
* 146
+4 4
+2 4
392 170204
cfi=(162)
cfn=(682)
calls=10012 37 
* 200240
* 60072
1265 120144
547 3678
cfi=(163)
cfn=(684)
calls=1226 35 
* 14795
* 3183
+3 3655
cfi=(128)
cfn=(526)
calls=731 217 
* 7310
* 731
+1 2193
+1 2193
+1 731
+3 731
-5 731
+1 731
+1 2193
+5 1462
+1 1224
+6 1224
-6 1224
+6 1224
+4 11696
+4 1462
+2 731
-2 731
+2 731
+17 731
-1 1462
+1 1462
+3 4386
+9 1462
+35 1462
827 1462
+10 1462
-10 731
+10 2924
+2 731
-2 731
+2 731
-12 18562
+10 18562
-10 9281
+10 37124
+2 9281
-2 9281
+2 9281
+10 20024
+48 10012
-61 10012
+61 20024
+14 40048
+1 10012
-1 20024
+7 10012
fi=(165) /build/glibc-OTsEL5/glibc-2.27/stdio-common/../sysdeps/pthread/allocalim.h
27 20024
cfi=(164)
cfn=(686)
calls=10012 +1 
* 100120
+2 20024
fe=(160)
928 70084
+4 10012
-3 10012
+3 20028
+3 100100
+3 30030
cfn=(690) hack_digit
calls=10010 167 
* 486239
* 2202
cfn=(690)
calls=734 167 
* 59368
* 10744
-3 51518
+7 60060
+2 20020
-4 10010
+4 20020
+13 10010
-1 30030
+2 40040
-14 2
+13 2
-1 6
+2 240296
+1 20024
170 60072
961 60072
170 120168
+2 300345
+8 8772
+4 26316
cfi=(172)
cfn=(714)
calls=4386 46 
* 131580
+2 17544
+3 4386
-2 4386
+3 4386
-1 4386
+1 43860
+1 8772
-1 4386
+6 8772
962 4386
+1 4386
+2 8772
-3 55686
+1 55686
+2 231516
174 55683
+1 167049
-1 111366
+1 55683
cfi=(166) /build/glibc-OTsEL5/glibc-2.27/stdlib/../sysdeps/x86_64/mul_1.S
cfn=(692) __mpn_mul_1
calls=55683 32 
* 1113660
* 334098
974 30036
+1 20024
cfn=(690)
calls=10012 167 
* 472486
+2 60072
+2 30030
+3 18558
fi=(167) /build/glibc-OTsEL5/glibc-2.27/stdio-common/../sysdeps/generic/get-rounding-mode.h
94 10012
+1 50060
fe=(160)
1093 30030
+7 20020
+3 30036
+13 30036
+46 70084
+2 60072
+2 10012
-2 20024
+2 70084
170 93
+87 10012
1169 20024
645 17576
821 35144
cfi=(141)
cfn=(572)
calls=8786 29 
* 131790
+1 43930
+1 17572
1171 40048
544 6
852 10012
-1 10012
+1 10012
+3 30036
+2 20020
-3 10010
-1 10010
+4 10010
+2 20020
-7 10010
+5 10010
-5 20020
fi=(167)
95 20024
fi=(168) /build/glibc-OTsEL5/glibc-2.27/stdio-common/../include/rounding-mode.h
-43 20028
+6 2
fe=(160)
999 8
+5 2
-1 2
+1 8
+5 6
+4 4
+11 4
+69 6
661 8
cfi=(141)
cfn=(572)
calls=2 29 
* 30
+1 2
-4 2
+8 2
-18 2
+14 8
+4 2
+48 2
-49 2
+49 2
-48 6
+23 6
+1 4
+3 4
+1 4
+1 2
-2 2
+2 2
-2 4
+2 2
-2 2
+2 4
+7 8
+22 6
+61 24
-2 24
+2 92
671 24
+2 48
+7 4
+1 6
+1 2
-2 6
+6 8
cfi=(178)
cfn=(738)
calls=2 48 
* 146
* 2
+5 6
+42 4
-1 2
+1 2
+5 2
-5 2
+5 4
-6 2
+6 2
+3 6
+34 2
cfi=(171)
cfn=(712)
calls=2 29 
* 34
+3 10
+9 4
+4 5
cfi=(166)
cfn=(692)
calls=1 32 
* 32
+1 1
+3 2
+1 1
-4 1
+3 1
+1 4
+9 1
+1 1
-1 1
+4 6
1173 20024
+3 50060
+9 10012
+7 10012
-7 20024
+7 20024
+5 20024
cfi=(140)
cfn=(568)
calls=10012 52 
* 150180
* 10012
+2 10012
-2 10012
+2 20024
+5 10012
+2 10012
-2 20024
+2 10012
-2 10012
+2 10012
+11 60072
+7 100120
+3 141636
+3 141636
-6 242490
+1 242490
+1 40048
cfi=(128)
cfn=(674)
calls=10012 204 
* 170204
* 10012
* 10012
+2 30036
+6 30036
+17 50060
470 1224
-2 1224
+2 1224
-3 1224
+3 2448
-3 1224
+3 2448
-3 2448
cfi=(141)
cfn=(572)
calls=1224 29 
* 18360
+4 11016
+1 1224
-1 1224
+1 1224
+1 6120
1251 949202
cfi=(118)
cfn=(628)
calls=123 217 
* 8865
* 246
987 9279
-1 9279
+1 102069
1167 10012
852 20024
-87 6
1254 30036
+7 30036
979 1462
+3 2193
-30 2
-2 2
+2 2
-1 2
831 2
952 4
614 2193
+18 731
+1 731
-1 731
+1 731
-1 2193
cfi=(171)
cfn=(712)
calls=731 29 
* 12427
+4 2193
-1 731
+1 2193
cfi=(171)
cfn=(712)
calls=731 29 
* 12427
+3 731
+1 25854
864 4
-10 2
-1 2
+10 2
+1 2
-12 6
+83 10012
1200 20024
804 2
cfi=(171)
cfn=(712)
calls=1 29 
* 17
* 1
-62 6
+7 6
+3 10

fn=(690)
167 62268
+3 62272
+2 124536
+8 4392
+4 13176
cfi=(172)
cfn=(714)
calls=2196 46 
* 72364
+2 8784
+3 2196
-2 2196
+3 2196
-1 2196
+1 15930
+1 3300
-1 1650
+6 1650
+11 8250
-6 1638
cfi=(166)
cfn=(692)
calls=546 32 
* 10920
+1 1092
+1 1865
+4 2730
-33 18560
+1 55680
-1 18560
+1 18560
cfi=(166)
cfn=(692)
calls=18560 32 
* 371200
* 18560
+32 111360
-37 12

fl=(73)
fn=(244)
32 4
-2 2
+2 4
-2 4
+5 2
-1 8
fi=(198) /build/glibc-OTsEL5/glibc-2.27/wcsmbs/../sysdeps/x86_64/multiarch/wmemset.c
-3 2
fe=(73)

fl=(134) /build/glibc-OTsEL5/glibc-2.27/stdlib/../stdlib/strtol.c
fn=(546) __strtoul_internal
98 531255
cfi=(135)
cfn=(548)
calls=177085 226 
* 27084230

fl=(137) /build/glibc-OTsEL5/glibc-2.27/string/../sysdeps/x86_64/multiarch/memset-vec-unaligned-erms.S
fn=(558) __memset_avx2_unaligned_erms
158 3
+1 1
+1 1
+1 1
+1 1
+8 1
+1 1
cfn=(560) __memset_avx2_erms
calls=1 -34 
* 80015

fn=(560)
137 1
+1 1
+1 1
+1 1
+1 80009
+1 1
+1 1

fl=(69)
fn=(226)
42 5
+4 2
-1 4
+12 2
+2 5

fl=(140)
fn=(568)
52 98561
+1 98561
+1 98561
+3 98561
+1 98561
+1 98561
+3 98556
+1 98556
+1 98556
+8 98556
+4 2
+1 2
+1 2
+9 2
+4 5
+1 5
+1 5
+1 5
+2 5
+1 5
+1 5
+30 5
+10 5
+1 5
+1 5
+1 5
-3 2
+1 2
+1 2
+1 2
+2 1
+1 1
+1 1
+1 1
332 98560
+1 98560
+1 98560
+4 98560
+1 98560
+4 1
+1 1
+1 1
+1 1
+4 1
+1 1

fl=(180) /build/glibc-OTsEL5/glibc-2.27/stdlib/exit.c
fn=(752) __run_exit_handlers
40 9
+5 1
-5 1
+5 2
+11 14
+3 2
+2 5
+16 2
+35 6
+2 2
-44 6
+2 1
+1 1
-1 1
+4 4
+1 6
+29 1
-3 1
+5 1
-2 2
+2 2
cob=(1)
cfi=(182)
cfn=(756)
calls=1 -78 
* 1007
+1 1
+11 1
+1 1
-1 1
+1 1
+5 4
-73 1
+12 1
+1 4
+63 2
+1 11
cfi=(118)
cfn=(816)
calls=1 918 
* 343
* 3
+2 2
cfi=(185)
cfn=(830)
calls=1 27 
* 5
-86 1
cfi=(181)
cfn=(754)
calls=1 +99 
* 11
* 1

fn=(750) exit
139 1
-1 1
+1 3
cfn=(752)
calls=1 -99 
* 1471

fl=(115) /build/glibc-OTsEL5/glibc-2.27/malloc/morecore.c
fn=(472) __default_morecore
46 484
+1 484
cfi=(116)
cfn=(474)
calls=484 -15 
* 14774
+2 1452
+3 968

fl=(183) /build/glibc-OTsEL5/glibc-2.27/stdlib/cxa_finalize.c
fn=(766) __cxa_finalize
30 6
+3 3
-3 15
+3 3
-3 3
+3 15
+3 9
+4 21
-4 9
+58 15
+4 18
-4 9
+12 6
+1 6
cfi=(184)
cfn=(768)
calls=3 -79 
* 48
+2 12
+1 24

fl=(119)
fn=(612) _IO_file_finish@@GLIBC_2.2.5
169 8
+1 4
+7 2
-1 4
+1 4
-1 2
cfi=(118)
cfn=(614)
calls=2 628 
* 50

fn=(622)
747 648
+7 216
-8 1296
+8 858
+35 430
+3 354
+3 531
+1 531
+1 843
+5 708
-45 4
+12 4
+9 8
+8 2
-4 2
+3 4
-2 4
-3 2
+1 4
+5 2
-1 2
+1 6
+3 1
-2 1
+2 1
+1 39
+1 39
+11 117
-12 39
cfn=(624) _IO_do_write@@GLIBC_2.2.5
calls=39 433 
* 4084
+9 24
-1 12
+1 12
-1 12
cfn=(624)
calls=12 433 
* 1272
* 24
-5 200
cfn=(624)
calls=20 433 
* 2160
* 60
-34 4
cfi=(118)
cfn=(504)
calls=2 362 
* 763
+1 12

fn=(482)
107 4
+4 2
-4 4
+5 2
-1 2
+3 2
cfi=(118)
cfn=(484)
calls=2 -27 
* 172
+1 2
+1 8

fn=(598) _IO_file_close_it@@GLIBC_2.2.5
129 6
+2 6
+4 2
+3 4
-3 2
-1 4
+6 2
+3 2
-3 2
cfi=(118)
cfn=(600)
calls=2 1019 
* 12
+3 6
fi=(129)
870 6
+2 4
+1 4
fe=(119)
143 4
cfn=(602) _IO_file_close
calls=2 1190 
* 14
* 2
+3 6
+8 10
cfi=(118)
cfn=(512)
calls=2 347 
* 282
+1 4
+3 2
-3 2
+1 6
+2 2
cfi=(118)
cfn=(596)
calls=2 53 
* 30
+5 2
-4 2
+1 2
+1 2
+2 2
+1 10
-28 7
cfn=(624)
calls=1 433 
* 108
* 2

fn=(502)
478 795
+6 795
-14 1325
+17 1590
+13 530
+20 530
cfi=(118)
cfn=(514)
calls=265 164 
* 6360
+11 265
-5 265
fi=(129)
872 265
fe=(119)
526 530
fi=(129)
872 265
fe=(119)
527 265
+2 265
fi=(129)
873 265
fe=(119)
528 530
fi=(129)
873 265
fe=(119)
531 1060
cfn=(516) _IO_file_read
calls=265 1153 
* 3710
+2 530
+16 264
-9 264
+9 528
+2 264
+1 528
-1 264
+1 1057
-16 4
+10 1
-10 1
+10 2
+6 6
-62 3
+5 2
cfi=(118)
cfn=(504)
calls=1 362 
* 310
* 2

fn=(620) _IO_file_xsputn@@GLIBC_2.2.5
1220 240544
+7 60136
-7 180408
+6 270680
+7 250680
+17 149991
+1 49985
+3 200194
+4 50112
+2 150336
-1 50112
+1 50112
-2 50112
cfi=(128)
cfn=(674)
calls=50112 204 
* 835766
* 50112
-4 12
+4 12
+2 36
-1 12
+1 12
-2 12
cfi=(128)
cfn=(674)
calls=12 204 
* 211
* 12
* 50124
+4 100248
+18 100194
+10 541224
-40 12
+16 12
fi=(129)
870 36
+2 24
+1 24
fe=(119)
1266 27
fi=(129)
870 81
+2 54
+1 54
fe=(119)
1266 117
cfn=(622)
calls=39 747 
* 5423
* 78
+6 78
+1 273
+2 78
+11 117
+1 108
cfi=(118)
cfn=(626)
calls=27 392 
* 3676
* 81
-52 278
+1 278
+3 417
+2 2172
-2 1543
+4 12
+11 60

fn=(632) _IO_file_write@@GLIBC_2.2.5
1196 426
+2 426
+5 71
cfi=(151) /build/glibc-OTsEL5/glibc-2.27/io/../sysdeps/unix/sysv/linux/write.c
cfn=(634) write
calls=71 27 
* 639
+1 142
+5 71
+1 71
-12 142
+5 355
+10 213
+3 639

fn=(486)
214 20
+9 4
+2 10
364 20
234 1
-2 1
+1 1
+15 28
+33 2
-96 2
+1 4
-1 2
+4 2
cfi=(120) /build/glibc-OTsEL5/glibc-2.27/io/../sysdeps/unix/sysv/linux/open64.c
cfn=(488) open
calls=2 36 
* 58
* 2
+1 4
+3 2
-1 2
+1 4
+3 4
-3 2
+3 2
+10 4
cfi=(118)
cfn=(484)
calls=2 87 
* 32
+81 6
cfi=(121) /build/glibc-OTsEL5/glibc-2.27/string/../string/strstr.c
cfn=(490) __GI_strstr
calls=2 53 
* 50
+1 2
-1 2
+1 2
-59 1
-1 1
-13 2
+73 4

fn=(516)
1153 530
+3 795
cfi=(126)
cfn=(518)
calls=265 27 
* 2385

fn=(828)
807 4
+5 4
+2 1
+1 2
+15 2
+4 4

fn=(508)
1169 3
+1 9
cfi=(125) /build/glibc-OTsEL5/glibc-2.27/io/../sysdeps/unix/sysv/linux/wordsize-64/fxstat.c
cfn=(510) _fxstat
calls=3 34 
* 30

fn=(624)
433 216
+1 1
-3 1136
+11 142
+7 284
fi=(129)
873 142
fe=(119)
457 284
cfn=(632)
calls=71 1196 
* 3195
* 71
+1 355
+6 71
-4 71
+4 71
-4 213
+1 142
+3 118
-2 47
-29 188
+1 376
+28 24
-29 96
+1 192
+29 189

fn=(602)
1190 4
cfi=(149) /build/glibc-OTsEL5/glibc-2.27/io/../sysdeps/unix/sysv/linux/close.c
cfn=(604) __close_nocancel
calls=2 37 
* 10

fn=(824)
389 2
+1 1
cfi=(118)
cfn=(826)
calls=1 +89 
* 68
* 2
+4 2
-1 2
+2 3
+2 1
+1 2

fl=(111) /build/glibc-OTsEL5/glibc-2.27/elf/dl-addr.c
fn=(442) _dl_addr
126 9
+2 1
-2 1
+5 1
-5 1
+5 2
cob=(1)
cfi=(2)
cfn=(52)
calls=1 784 
* 2
+2 2
cob=(1)
cfi=(112)
cfn=(450)
calls=1 -62 
* 1254
* 5
+2 3
30 1
+1 1
-1 1
+1 1
+3 2
+5 1
+6 1
-7 1
+2 3
+2 3
+3 1
+5 7
-6 2
+6 4043
+2 1010
+1 2020
-1 1
+1 2
+2 3664
+9 2052
+7 28
-2 28
+2 2353
-2 2297
+2 6003
-10 11625
+2 9300
+1 14806
+36 2
+1 1
+1 3
+3 2
+36 2
cob=(1)
cfi=(2)
cfn=(54)
calls=1 790 
* 2
+3 9
-27 1
+1 1
+20 2

fl=(121)
fn=(490)
53 14
+10 8
+26 18
-23 10

fl=(120)
fn=(488)
36 2
+3 2
-3 6
+3 2
-3 2
+3 6
+8 18
+2 10
-7 2
+1 1
-1 3
+5 4

fl=(110) /build/glibc-OTsEL5/glibc-2.27/malloc/arena.c
fn=(440) ptmalloc_init.part.0
289 2
+5 1
-5 3
+13 2
+6 1
fi=(108) /build/glibc-OTsEL5/glibc-2.27/malloc/malloc.c
1816 2
fe=(110)
308 12
fi=(108)
1816 13
+1 1
-1 3
+1 11
-1 390
+1 30
-1 90
+1 331
fe=(110)
313 1
fi=(108)
1825 1
fe=(110)
313 4
fi=(108)
1817 7
+11 1
-11 4
+9 1
fe=(110)
313 1
fi=(108)
1828 1
fe=(110)
313 1
cob=(1)
cfi=(112)
cfn=(450)
calls=1 71 
* 1157
* 5
+1 4
cob=(1)
cfi=(9)
cfn=(26)
calls=1 +59 
* 18
* 1
+1 4
cob=(1)
cfi=(9)
cfn=(26)
calls=1 +58 
* 19
* 1
+1 4
cob=(1)
cfi=(9)
cfn=(26)
calls=1 +57 
* 18
* 1
+1 4
cob=(1)
cfi=(9)
cfn=(26)
calls=1 +56 
* 18
* 1
+1 4
cob=(1)
cfi=(9)
cfn=(26)
calls=1 +55 
* 19
* 1
+1 4
cob=(1)
cfi=(9)
cfn=(26)
calls=1 +54 
* 18
* 1
+1 4
cob=(1)
cfi=(9)
cfn=(26)
calls=1 +53 
* 18
* 1
+2 4
cob=(1)
cfi=(9)
cfn=(26)
calls=1 +51 
* 18
* 1
+1 4
cob=(1)
cfi=(9)
cfn=(26)
calls=1 +50 
* 18
* 1
+1 4
cob=(1)
cfi=(9)
cfn=(26)
calls=1 +49 
* 18
* 1
+71 2
+1 2
+4 2
-1 1
+1 4
-97 5
cfi=(111)
cfn=(442)
calls=1 126 
* 60563
* 2
+1 4

fl=(149)
fn=(604)
37 8
+1 2

fl=(170) /build/glibc-OTsEL5/glibc-2.27/libio/putchar.c
fn=(706) putchar
25 5
+2 5
-2 5
+2 85
+1 20
fi=(129)
796 10
+1 40
fe=(170)
31 15
-3 5
cfi=(118)
cfn=(628)
calls=5 217 
* 815
* 10

fl=(148) /build/glibc-OTsEL5/glibc-2.27/libio/iofclose.c
fn=(594) fclose@@GLIBC_2.2.5
34 6
+14 2
-14 2
+14 4
fi=(129)
796 4
+1 6
fe=(148)
57 2
fi=(129)
870 6
+2 4
+1 4
fe=(148)
57 6
cfi=(119)
cfn=(612)
calls=2 169 
* 74
+1 6
+13 4
+3 12
+3 4
cob=(2)
cfi=(18)
cfn=(606)
calls=2 -77 
* 142
+4 10
-32 2
cfi=(118)
cfn=(596)
calls=2 +4 
* 188
+2 38
+1 4
+1 4
cfi=(119)
cfn=(598)
calls=2 +76 
* 563
* 8
fi=(129)
797 12
fe=(148)

fl=(150) /build/glibc-OTsEL5/glibc-2.27/libio/ioputs.c
fn=(618) puts
33 42
+2 7
cfi=(140)
cfn=(568)
calls=7 +17 
* 166
* 7
+1 7
-1 7
+1 119
+3 22
+1 1
fi=(129)
870 3
+2 2
+1 2
fe=(150)
40 6
fi=(129)
870 18
+2 12
+1 12
fe=(150)
40 21
cfi=(119)
cfn=(620)
calls=7 1220 
* 4411
* 14
+1 28
+1 28
fi=(129)
796 14
+1 56
fe=(150)
46 49
-8 12
+3 14
cfi=(118)
cfn=(628)
calls=7 217 
* 1141
* 14

fl=(125)
fn=(510)
34 3
-1 3
+1 3
+1 18
+4 3

fl=(109) /build/glibc-OTsEL5/glibc-2.27/malloc/hooks.c
fn=(438) malloc_hook_ini
29 5
fi=(110)
291 1
fe=(109)
30 1
fi=(110)
291 1
fe=(109)
30 1
fi=(110)
291 1
fi=(108)
3039 7
+3 1
-2 2
+2 3
+13 4
+2 3
cfn=(468) _int_malloc
calls=1 3521 
* 161
+1 1
-1 1
+1 6
-19 4
-56 5
cfn=(466) tcache_init.part.4
calls=1 +3 
* 496
+62 3
+2 5
+1 3
fe=(109)
33 6
cfi=(110)
cfn=(440)
calls=1 289 
* 62893
* 1
fi=(108)
3034 2
fe=(109)

fl=(138) /build/glibc-OTsEL5/glibc-2.27/stdlib/strtod.c
fn=(562) __strtod_internal
70 265626
cfi=(139)
cfn=(564)
calls=88542 507 
* 35361159

fl=(151)
fn=(634)
27 568
+1 71

fl=(104) /build/glibc-OTsEL5/glibc-2.27/setjmp/sigjmp.c
fn=(424) __sigjmp_save
29 1
-1 2
+1 2
+5 3

fl=(61)
fn=(206)
43 2
fi=(62)
+1 1
+1 1
fe=(61)
-2 4
fi=(62)
+5 3
+14 4
-17 3
+3 9
+14 12
-17 9
+22 1
fe=(61)
-24 6
cfi=(63)
cfn=(210)
calls=1 -18 
* 17
* 5

fl=(65)
fn=(218)
33 5
-1 2
+2 2
+1 3
fi=(66) /build/glibc-OTsEL5/glibc-2.27/string/../sysdeps/x86_64/multiarch/memcmp.c
-6 1
fe=(65)

fl=(133)
fn=(542)
280 1328160
+11 265632
+1 88544
fi=(136) /build/glibc-OTsEL5/glibc-2.27/stdio-common/../include/scratch_buffer.h
78 88544
fe=(133)
292 88544
fi=(136)
77 354176
fe=(133)
342 354176
+6 265632
+3 442720
+4 177088
+20 88544
-13 88544
+13 88544
-13 88544
+6 88544
+2 265632
+5 88544
-5 88544
+5 265632
-90 88544
+1 88544
+94 177088
-45 177088
-39 88544
-12 177088
+47 88544
-1 88544
-1 88544
-1 88544
-12 88544
+68 1593765
+37 885424
+24 442712
-1 442712
+1 442712
+3 885420
+23 885422
225 531256
-1 265628
484 265628
224 265628
490 265628
224 531256
490 1328140
-6 531256
+22 796884
+21 265628
+4 265628
fi=(199) /build/glibc-OTsEL5/glibc-2.27/stdio-common/printf-parse.h
85 265628
fe=(133)
527 531256
+7 2390652
348 177088
+3 2
+24 531252
506 1062512
614 531256
+5 1062512
+1 265632
+3 1859396
+1 1328140
+6 3187326
+3 1062378
-3 1062378
+3 1593693
-3 126
+3 189
-3 1062506
+3 796890
+1 265628
+1 531256
-1 265628
+1 1062509
+4 531254
-4 531254
cfi=(118)
cfn=(544)
calls=265627 +27 
* 4781286
+4 2390643
450 354168
3020 708346
fi=(136)
85 442720
fe=(133)
3023 265632
+3 177088
+17 177086
+6 1062528
547 265626
+8 177084
375 354176
630 384
cfi=(118)
cfn=(498)
calls=64 318 
* 9599
* 389
3028 3
639 8
534 354172
1400 1062510
+5 177085
-5 177085
+5 354170
+9 354170
+26 885425
1744 177085
245 531255
1744 354170
fi=(136)
113 708340
fe=(133)
1735 2263795
+2 1732540
+5 4666365
262 2067555
+3 2067555
1801 2756740
+2 6201993
-68 2067051
+68 168
-68 531759
+71 354170
216 177085
1813 354170
216 354170
1814 354170
+28 1062510
cfi=(118)
cfn=(544)
calls=177085 662 
* 3187530
* 354170
262 708340
+3 531255
1846 708340
+18 885425
-1 531255
+7 531255
+3 1062510
+2 354170
+27 354170
635 88542
1914 708336
+1 88542
-1 88542
+1 177084
+8 265626
+13 619794
+21 177084
262 177084
+3 265626
2422 708336
+6 177084
+7 177084
+2 88542
-2 88542
+2 88542
cfi=(138)
cfn=(562)
calls=88542 70 
* 35626785
+2 708336
+1 1239588
+10 177084
+4 265626
586 1
1400 2
+2 6
-15 354170
1744 885425
+59 840
cfi=(118)
cfn=(498)
calls=168 318 
* 25200
* 709348
1437 531255
3010 354172
1867 177085
cfi=(134)
cfn=(546)
calls=177085 98 
* 27615485
* 354170
-52 450
+1 450
+76 354170
+41 177084
-39 354170
2021 442710
+37 88542
+11 88542
+55 88542
-55 88542
+55 88542
-55 265626
-11 177084
+66 177084
fi=(136)
113 88542
fe=(133)
2124 88542
-66 88542
fi=(136)
113 177084
fe=(133)
2069 265626
262 247678
+3 123839
2061 123839
265 247678
2162 1238294
+4 123807
-4 247614
+4 371421
2047 247614
2166 32
-4 64
+4 96
2047 177148
+6 637143
+5 177084
+33 354168
+2 265626
+13 88542
+37 177084
-85 265626
+8 177084
+1 531252
+28 265626
+11 177084
-86 88542
1920 177084
2162 64
cfi=(118)
cfn=(498)
calls=32 318 
* 4800
* 96
+7 265626
+8 265626
216 177084
2414 460059
1897 354170
+1 2302105
2124 265626
+31 885420
cfi=(118)
cfn=(544)
calls=88542 662 
* 1593756
* 177084
-60 177084

fl=(176) /build/glibc-OTsEL5/glibc-2.27/time/../sysdeps/unix/sysv/linux/clock.c
fn=(732) clock
25 202
+9 404
-9 606
+9 202
cfi=(177)
cfn=(734)
calls=202 +59 
* 4040
* 606
+4 404
-1 202
+1 1212
+1 1212

fl=(56)
fn=(194)
44 10
+4 4
-1 4
+12 4
+2 10

fn=(216)
44 5
+4 2
-1 2
+12 2
+2 5

fn=(240)
44 5
+4 2
-1 2
+12 2
+2 5

fl=(158)
fn=(666)
1244 140630
+31 30135
+8 30136
+4 50225
+11 40180
+11 10045
fi=(199)
108 20090
fe=(158)
1309 30135
fi=(199)
108 10045
cfi=(159) /build/glibc-OTsEL5/glibc-2.27/string/../sysdeps/x86_64/multiarch/strchr-avx2.S
cfn=(670) __strchrnul_avx2
calls=10045 -63 
* 180950
* 10045
fe=(158)
1324 10045
fi=(199)
108 10045
fe=(158)
1324 60270
+1 130585
+3 10045
fi=(147)
870 30135
+2 10045
-2 10045
+2 10045
-2 10045
+3 20090
fe=(158)
1328 60270
cfi=(119)
cfn=(620)
calls=10045 1220 
* 194464
* 20090
1696 50225
+1 30135
+3 120540
1283 20088
+45 20090
+4 30135
+4 80360
-57 10045
+34 10045
-8 10045
-59 20090
1378 450720
-3 30048
-5 30048
-4 30048
-1 30048
-1 30048
-1 30048
-1 30048
-1 30048
-1 30048
+15 30048
-16 30048
-1 30048
-1 30048
+14 30048
-4 30048
+8 30048
-1 60096
1696 60270
-36 30048
+2 60096
+8 30048
fi=(199)
108 120192
cfi=(159)
cfn=(670)
calls=30048 -63 
* 540892
* 30048
fe=(158)
1674 30048
fi=(199)
108 30048
fe=(158)
1674 90144
fi=(147)
872 90144
+1 60096
fe=(158)
1674 210336
cfi=(119)
cfn=(620)
calls=30048 1220 
* 1956124
* 210336
+2 30048
-2 30048
+2 70141
-34 240432
cfi=(169) /build/glibc-OTsEL5/glibc-2.27/stdio-common/_itoa.c
cfn=(702) _itoa_word
calls=20036 168 
* 1135088
* 520924
-27 110132
-1 10012
+1 60072
+27 680975
cfi=(160)
cfn=(676)
calls=10012 1272 
* 10872306
* 20024
1324 40180
1642 360624
fi=(147)
872 60108
+1 40072
fe=(158)
1642 100180
cfi=(119)
cfn=(620)
calls=20036 1220 
* 1291503
* 760864
+1 60090
-1 300963

fl=(166)
fn=(692)
32 74794
+3 74794
+1 74794
+1 74794
+1 74794
+1 74794
+2 74794
+1 74794
+2 74794
+1 74794
+1 74794
+1 74794
+1 74789
+2 74789
+1 74789
+1 74789
+1 74789
+26 5
+1 5
+1 5
+1 5
+1 5
+1 5
+1 5
+1 5
+1 5
+26 5
+1 5
+1 5
+2 5
+1 5
+1 5
+1 5
+1 5
+1 5
+2 5
+3 5
-5 74789
+2 74789
+3 74789

fl=(94) /build/glibc-OTsEL5/glibc-2.27/string/../sysdeps/x86_64/multiarch/strrchr-avx2.S
fn=(376) __strrchr_avx2
43 1
+1 1
+2 1
+1 1
+3 1
+1 1
+1 1
+33 1
+1 1
+1 1
+1 1
+1 1
+1 1
+1 1
+1 1
+1 1
+1 1
+3 1
+1 1
+2 1
+1 1
+2 1
+13 1
+1 1
+1 1
+1 1
+1 1
+1 1
+1 1
+1 1
+32 1
+1 1
+19 1
+1 1
+1 1
+15 1
+1 1
+1 1
+1 1
+1 1
+2 1
+1 1
+1 1
+1 1
+1 1

fl=(131)
fn=(534)
33 4
+6 2
-6 4
+6 2
-6 8
+6 6
-2 2
+2 2
-6 6
+6 2
cfi=(118)
cfn=(478)
calls=2 590 
* 94
+1 2
+1 8
-1 2
+1 2
cfi=(132) /build/glibc-OTsEL5/glibc-2.27/libio/strops.c
cfn=(536) _IO_str_init_static_internal
calls=2 -5 
* 140
+2 8
-1 2
+1 2
cfi=(133)
cfn=(542)
calls=2 280 
* 2671
+2 18

fl=(178)
fn=(738)
48 64
+6 8
+12 8
+5 4
+1 8
+70 44
-61 4
cfi=(166)
cfn=(692)
calls=4 -49 
* 128
+2 4
+5 4
-5 8
+1 4
+4 4

fl=(144)
fn=(580)
39 88542
-6 354168
+6 177084
+1 265626
+6 88542
+1 265626

fl=(159)
fn=(670)
45 40093
+2 40093
+1 40093
+1 40093
+2 40093
+1 40093
+1 40093
+4 40051
+1 40051
+1 40051
+1 40051
+1 40051
+1 40051
+1 40051
+11 42
+1 42
+1 42
+1 42
+1 42
+1 42
+1 42
+2 42
+1 42
+1 42
+2 42
+1 42
+2 42
+7 42
+1 42
+87 40051
+2 40051
+7 40051
+1 40051

fl=(72)
fn=(242)
40 1
-2 1
+2 2
-2 2
+11 1

fl=(70)
fn=(232)
30 5
fi=(200) /build/glibc-OTsEL5/glibc-2.27/string/../sysdeps/x86_64/multiarch/strcspn.c
-1 1
fe=(70)

fn=(262)
30 5
fi=(201) /build/glibc-OTsEL5/glibc-2.27/string/../sysdeps/x86_64/multiarch/strspn.c
-1 1
fe=(70)

fn=(246)
30 5
fi=(202) /build/glibc-OTsEL5/glibc-2.27/string/../sysdeps/x86_64/multiarch/strpbrk.c
-1 1
fe=(70)

fl=(102) /build/glibc-OTsEL5/glibc-2.27/setjmp/../sysdeps/x86_64/bsd-_setjmp.S
fn=(420) _setjmp
30 1
+2 1
cfi=(103) /build/glibc-OTsEL5/glibc-2.27/setjmp/../sysdeps/x86_64/setjmp.S
cfn=(422) __sigsetjmp
calls=1 -6 
* 27

fl=(93)
fn=(372)
31 2
-1 3
+1 4
+2 3
cfi=(94)
cfn=(376)
calls=1 +10 
* 45
* 1
+4 5
+1 3
+2 4

fl=(57)
fn=(196)
33 4
+3 4
fi=(203) /build/glibc-OTsEL5/glibc-2.27/string/../sysdeps/x86_64/multiarch/strncpy.c
-7 1
fe=(57)

fn=(266)
33 4
+3 4
fi=(204) /build/glibc-OTsEL5/glibc-2.27/string/../sysdeps/x86_64/multiarch/stpcpy.c
-3 1
fe=(57)

fn=(238)
33 4
+3 4
fi=(205) /build/glibc-OTsEL5/glibc-2.27/string/../sysdeps/x86_64/multiarch/strcpy.c
-7 1
fe=(57)

fn=(264)
33 4
+3 4
fi=(206) /build/glibc-OTsEL5/glibc-2.27/string/../sysdeps/x86_64/multiarch/stpncpy.c
-5 1
fe=(57)

fn=(202)
33 4
+3 4
fi=(207) /build/glibc-OTsEL5/glibc-2.27/string/../sysdeps/x86_64/multiarch/strcat.c
-7 1
fe=(57)

fl=(103)
fn=(422)
26 1
+9 1
+1 2
+1 1
+4 1
+1 1
+1 1
+1 1
+1 1
+2 2
+2 1
+1 1
+1 1
+2 2
+2 1
+8 1
cfi=(104)
cfn=(424)
calls=1 -34 
* 8

fl=(108)
fn=(468)
3521 1125222
+32 187537
-32 187537
+32 1687833
+4 1125222
+24 375074
+2 561264
+3 187088
+2 374176
1887 3
3682 3
1887 6
4131 1687833
3639 1345
+62 16749
+1 1341
+20 187534
-1 375068
+1 187534
-1 187534
+1 375068
-2 937665
+6 562599
+66 187533
-40 375066
3879 187533
3731 187533
+1 187533
+20 375066
+40 375066
-60 375066
-12 1
+6 3
+66 1
-40 2
3879 1
3731 1
+1 1
+20 2
+40 2
-60 26
+3 303
+1 202
+3 101
+10 101
-15 101
+15 283
+34 12
-5 12
+1 12
+4 12
+29 22
+8 29
+1 15
+1 5
-1 5
+4 5
-3 5
+3 5
-4 3
+1 1
-1 1
+4 1
-3 1
+3 1
+43 22
+9 11
-9 44
+10 11
-9 11
+1 11
+1 11
+1 11
+6 11
+9 22
3642 561270
+2 187090
-2 187090
+2 374180
+2 3
+1 6
+6 3
-4 3
+1 3
+1 3
+2 6
+7 12
-1 6
+1 9
+5 18
+3 2
-2 11
3814 10
+1 20
+1 10
3703 6
cfn=(716) malloc_consolidate
calls=3 4403 
* 443
* 3741743
-62 2432131
3786 1
-1 1
+1 2
+5 3
+1 4
+95 33
+17 374888
+2 1788
+3 447
-3 447
+3 894
+68 374888
+1 374888
+1 374888
+1 374888
+1 374888
+5 374912
+14 326
+2 150
+2 300
3820 4
2929 2
3751 91
-1 182
+1 182
+4 89
+1 89
-1 89
+2 178
+3 89
-2 89
+1 178
+1 89
+2 59
+1 59
+3 354
+6 59
-6 177
+2 177
1887 59
3769 59
1887 118
3766 180
+6 30
-6 90
+2 90
1887 30
3769 30
1887 60
3720 2
3865 24
-45 2
2930 1
+2 1
-2 2
+1 1
3796 1
2932 1
3795 1
+1 1
-95 888
-31 1
+1 1
+1 2
+1 1
2929 1
3674 1
+1 1
2929 1
+1 1
-2 1
+2 1
-2 1
3670 1
2932 2
3893 374890
2941 3
-1 3
+2 2
+1 2
+1 1
3895 1
+95 562335
+3 747992
-3 560988
+3 747984
-3 373982
+3 560967
+97 187437
+3 187437
-2 374874
+2 375031
+17 471
4008 13
+3 26
+2 6
+1 6
+1 6
-2 24
-27 6
+7 7
+2 28
+1 14
-1 4
+1 2
+24 21
+3 14
+5 7
-3 14
+3 102
+3 14
1887 187287
4103 187287
1887 374574
3993 2
4125 471
cfn=(470) sysmalloc
calls=157 2274 
* 25648
+1 157
-1 157
+1 157
1887 471
4046 7
-5 7
+6 14
+8 7
-6 7
+1 7
+1 7
+1 7
+3 7
+1 6
+1 14
+2 6
+1 6
+2 54
+2 18
+1 12
-3 9
+2 3
+1 2
+30 187280
+3 374560
-3 187280
+1 187280
+2 561840
+2 187280
-2 374560
-1 187280
+1 374560
+2 374560
-72 66

fn=(436) malloc
3028 3893355
+5 2595570
+1 2595570
+5 9084488
+3 1297784
-2 3893352
+2 3893352
+3 2595568
+10 750136
+2 562602
cfn=(468)
calls=187534 3521 
* 31526671
+1 187534
-1 187534
+1 1125202
-19 5191136
+8 1297339
+1 3892017
2941 2220500
+2 2220500
+1 1110250
3081 6488920
-46 1
+46 3
-46 1
cfi=(109)
cfn=(438)
calls=1 29 
* 63617

fn=(716)
4403 5
+19 5
-19 5
+30 5
-30 10
+29 5
-29 5
+32 5
-15 5
+15 10
+1 10
-1 90
+1 90
+3 561246
+1 748328
+8 187082
-3 187082
+3 187082
+1 187082
+1 561246
+2 374164
+1 80586
+2 80586
-1 80586
+2 1269454
+3 374164
+1 187082
+2 374164
+1 106490
+1 1277880
+4 187082
+4 187082
-3 187082
+1 187082
+2 187082
+1 20868
+1 20868
+3 20868
+1 20868
+1 20868
-2 41736
+3 20868
+9 62604
-12 166214
+1 166214
+1 166214
-2 332428
+3 166214
+9 498647
+3 200
+1 30
-27 241776
-2 17103

fn=(608) free
3086 14275635
+5 2595570
+1 2595570
+6 2595570
+5 1297785
-2 1297785
+2 2595570
+18 3893352
+2 3893352
4149 2595568
+6 5191136
+1 2595568
+4 5191136
+9 3893352
-2 2595568
+3 2595568
+1 5189356
+13 375054
+11 748328
+2 561246
1894 561246
4218 187082
+7 187082
-6 374164
+6 374164
-2 187082
+2 374164
+4 374164
+2 187082
+1 374164
3125 14275635
-18 4
+2 4
+1 2
+2 1
+1 1
-1 1
+1 1
+1 1
2829 1
+2 2
3110 2
2835 2
+3 3
+1 1
+6 7
+3 1
+1 3
+5 1
cfi=(155)
cfn=(656) munmap
calls=1 78 
* 5
* 1
-19 2
4259 890
+3 445
+1 445
-1 1335
+10 445
-4 445
+4 890
+3 890
+5 1335
+3 890
+1 890
+1 890
1894 1335
4291 890
+1 217
+2 217
-1 217
+2 4123
+3 890
+5 657
+1 17
+1 1
+11 1
-1 1
+2 2
-1 218
-1 218
+2 436
+4 219
-2 219
+1 219
+1 219
+2 219
+1 219
+2 219
+1 219
+2 657
+1 219
+30 890
+20 890
2929 3330771
+3 1110257
-2 2220514
+1 1110257
+1 2220514
4277 1335
-2 890
+32 654
+34 226
+1 678
+1 452
+18 1326
+1 4
cfn=(716)
calls=2 +41 
* 9744109
+2 1326
+2 2210
+2 218
cfn=(710) systrim.isra.1.constprop.11
calls=109 2760 
* 16459
* 109
2829 3

fn=(466)
2986 1
-9 1
+9 9
+1 3
cfn=(468)
calls=1 3521 
* 389
+1 1
-1 1
+1 1
+8 4
+7 2
+2 1
+1 2
-1 1
+1 78
+3 2

fn=(470)
2274 1256
+20 157
+11 157
-11 157
+11 157
+1 627
fi=(110)
535 156
fe=(108)
2321 312
fi=(110)
535 156
fe=(108)
2321 312
+66 156
+1 468
+10 156
-9 156
+9 1243
-91 3
+14 4
+6 2
+77 624
+3 468
2724 312
+1 47
+5 94
+3 94
-3 218
+3 218
+5 156
-3 156
+3 156
-2 156
+2 468
+1 156
-1 156
-1 156
+4 156
-3 312
+1 156
+2 156
2346 3
+16 1
-1 1
+1 2
+5 3
+1 5
+3 3
+1 5
2747 1413
2460 468
+19 312
-11 156
+11 156
-11 156
+21 624
cfi=(115)
cfn=(472)
calls=156 46 
* 7346
* 156
+1 156
+3 468
+3 624
+1 312
+46 312
+2 312
+6 156
-6 156
+6 466
+1 775
-83 156
+10 312
+8 156
-8 156
+8 156
+67 4
+34 2
+6 3
+22 2
+1 5
+2 1
-2 1
+2 1
+1 4
cfi=(115)
cfn=(472)
calls=1 46 
* 25
+12 3
+48 1
+1 1
-2 1
+1 2
+12 1
-12 1
+1 1
+11 1
2544 2
-3 3
+99 2
+1 4
2329 7
cfi=(153)
cfn=(644)
calls=1 44 
* 35
+2 2

fn=(554) calloc
3379 1
-13 1
+15 1
-15 1
+13 1
-13 2
+10 1
-10 1
+10 1
+5 2
+8 2
+1 2
+12 3
+2 4
+10 1
+1 3
+21 3
cfn=(468)
calls=1 +85 
* 161
+2 1
-2 1
+2 4
+75 7
-75 5
+3 4
+28 1
+3 2
-14 1
+14 4
+11 1
+1 2
+1 2
+2 2
+1 3
cfi=(137)
cfn=(558)
calls=1 158 
* 80024
* 1
* 2

fn=(710)
2760 545
+11 327
+2 109
+1 218
-4 109
+8 327
+2 327
+7 327
cfi=(115)
cfn=(472)
calls=109 46 
* 2725
* 109
+1 436
+12 327
cfi=(115)
cfn=(472)
calls=109 46 
* 5341
+2 218
+1 218
+2 218
cfi=(115)
cfn=(472)
calls=109 46 
* 2725
+2 109
+2 218
+4 218
+4 218
-1 109
+1 218
+7 109
-5 109
+5 545

fl=(132)
fn=(536)
36 16
+4 4
+1 6
cfi=(127)
cfn=(540)
calls=2 +5 
* 32
* 2
* 2
+5 10
cfi=(118)
cfn=(512)
calls=2 347 
* 36
+5 2
-3 2
+1 2
+1 2
+1 2
+13 2
+1 12
-6 2
+1 2
+1 4

fl=(95)
fn=(378)
31 5
+2 1
+2 1
-4 1
+4 1
-4 1
+2 3
+2 2
+1 1

fl=(155)
fn=(736)
59 404
+1 202

fn=(656)
78 4
+1 1

fl=(100) /build/glibc-OTsEL5/glibc-2.27/csu/../csu/libc-start.c
fn=(402) (below main)
137 8
+4 1
-4 2
+4 2
+98 1
-98 1
+98 1
+1 4
cfi=(101)
cfn=(404)
calls=1 65 
* 65
+22 4
+3 2
+1 5
cob=(6)
cfi=(99)
cfn=(408) __libc_csu_init
calls=1 0 
* 57
+4 4
+15 2
+12 2
cfi=(102)
cfn=(420)
calls=1 30 
* 29
+1 2
+5 2
+1 2
+3 2
+3 6
cob=(6)
cfi=(105) /home/ragon/Documentos/Trabalho_Ratton/COS242-Grafos/test.c
cfn=(426) main
calls=1 18 
* 2876336858
+34 2
cfi=(180)
cfn=(750)
calls=1 139 
* 1476

fl=(169)
fn=(702)
168 80144
+2 40072
+9 974800
+9 40072

ob=(2)
fl=(18)
fn=(606)
0 4
cob=(3)
cfi=(108)
cfn=(608)
calls=4 3086 
0 362

fn=(778)
0 3

fn=(804) 0x0000000004c37a70
0 1
cob=(3)
cfi=(183)
cfn=(766)
calls=1 30 
0 74

fn=(814)
0 3

fn=(356)
0 6

fn=(388)
0 4

ob=(5)
fl=(89)
fn=(780)
0 8
cob=(2)
cfi=(18)
cfn=(786) 0x0000000004a2a560
calls=1 0 
0 75
0 1
cfn=(790) 0x0000000000000570
calls=1 0 
0 8

ob=(2)
fl=(18)
fn=(388)
0 2

fn=(786)
0 1
cob=(3)
cfi=(183)
cfn=(766)
calls=1 30 
0 74

fn=(796)
0 3

fn=(88)
0 1
cob=(1)
cfi=(19)
cfn=(90)
calls=1 111 
0 4

ob=(5)
fl=(89)
fn=(780)
0 3

fn=(790)
0 8

fn=(360)
0 11

ob=(2)
fl=(18)
fn=(410) 0x0000000000108920
0 6

fn=(434)
0 5
cob=(3)
cfi=(108)
cfn=(436)
calls=5 3028 
0 64404

ob=(5)
fl=(89)
fn=(360)
0 6

ob=(2)
fl=(18)
fn=(764) 0x0000000000108a70
0 1
cob=(3)
cfi=(183)
cfn=(766)
calls=1 30 
0 74

ob=(6)
fl=(145) /home/ragon/Documentos/Trabalho_Ratton/COS242-Grafos/data_structures.c
fn=(582) put_wnode
44 1062504
+2 354168
cob=(3)
cfi=(108)
cfn=(436)
calls=177084 3028 
* 38787990
* 177084
* 531252
+1 531252
+1 531252
+1 531252
+4 354168
+4 354168

fn=(700) stack_pop
95 165
+3 99
+1 132
+1 165
+1 99
cob=(3)
cfi=(108)
cfn=(608)
calls=33 3086 
* 2378
* 33
+1 132
+1 165

fn=(648) extract_min
160 5550555
+1 3330333
+1 2220222
+1 4440444
+1 222
+2 5550000
cfn=(650) swap
calls=1110000 -25 
* 74370000
+2 2220000
cob=(3)
cfi=(108)
cfn=(436)
calls=1110000 3028 
* 45510383
* 1110000
* 3330000
+4 16650000
+1 1110000
+1 3330000
+1 555
+1 222
+3 1109889
+4 1109889
+1 35812281
+1 23874854
+1 3759
+3 143234088
+2 42238267
-2 5506429
+4 77090006
-4 6429745
+4 90033972
+4 314625
-3 69736812
cfn=(650)
calls=11622802 -53 
* 778727734
+1 23245604
-12 76396146
+17 1109889
+2 4440444

fn=(650)
141 74029945
+1 88835934
+1 88835934
+1 44417967
+3 44417967
+1 44417967
+2 74029945
+1 88835934
+1 74029945
+2 88835934
+1 148059890
+1 88835934
+2 44417967

fn=(646) decrease_key
206 12555270
+1 6277635
+1 14647815
+1 14647815
+1 4185090
+3 16739896
+2 1029322
-2 1063165
+2 1063165
+1 12439122
cfn=(650)
calls=2073187 -75 
* 138903529
+1 4146374
+1 16585496
-3 1990444
+3 1077965
-3 66727147
-4 58
+10 4185090

fn=(660) stack_push
105 297
+1 99
+2 66
cob=(3)
cfi=(108)
cfn=(436)
calls=33 3028 
* 3073
* 33
* 99
+1 99
+1 99
+1 99
+7 99

fn=(642) initialize_PQ
121 555
+3 444
cob=(3)
cfi=(108)
cfn=(436)
calls=111 3028 
* 40392
* 111
* 333
+1 222
-1 222
cob=(3)
cfi=(108)
cfn=(436)
calls=111 3028 
* 22755
* 111
* 333
+2 444
+1 333
+1 333
+1 222
+1 7770000
+1 7770000
+1 6660000
-3 4440444
+10 333

fl=(99)
fn=(400)
0 11
cob=(3)
cfi=(100)
cfn=(402)
calls=1 137 
0 2876338540

fn=(772) 0x0000000000000ab0
0 8

fn=(408)
0 15
cob=(2)
cfi=(18)
cfn=(410)
calls=1 0 
0 6
0 8
cfn=(414) 0x0000000000000b80
calls=1 0 
0 17
0 11

fn=(758)
0 8
cob=(2)
cfi=(18)
cfn=(764)
calls=1 0 
0 75
0 1
cfn=(772)
calls=1 0 
0 8
0 3

fn=(414)
0 17

fl=(106) /home/ragon/Documentos/Trabalho_Ratton/COS242-Grafos/readers.c
fn=(428) read_list_w_int
73 11
+2 4
cob=(3)
cfi=(107)
cfn=(432)
calls=1 +13 
* 63970
* 1
* 1
+2 5
cob=(3)
cfi=(122)
cfn=(494)
calls=1 -40 
* 641
* 1
+1 6
cob=(3)
cfi=(130)
cfn=(532)
calls=1 -52 
* 897
* 1
+1 3
+2 4
cob=(3)
cfi=(108)
cfn=(554)
calls=1 3379 
* 80258
* 1
* 3
+7 2
+2 5
cob=(3)
cfi=(122)
cfn=(494)
calls=1 -53 
* 154
* 1
* 2
+3 9
cob=(3)
cfi=(130)
cfn=(532)
calls=1 -67 
* 2136
* 1
* 1
+1 2
+12 354168
+4 1859382
cfi=(145)
cfn=(582)
calls=88542 -66 
* 21610842
* 88542
+1 1859382
cfi=(145)
cfn=(582)
calls=88542 -67 
* 21604248
* 88542
+1 442710
+1 796878
cob=(3)
cfi=(146)
cfn=(588)
calls=88542 -87 
* 186005239
* 88542
* 177084
+3 3
cob=(3)
cfi=(148)
cfn=(594)
calls=1 -82 
* 508
* 1
+1 1
+1 7

fl=(156) /home/ragon/Documentos/Trabalho_Ratton/COS242-Grafos/miscellaneous.c
fn=(742) put_edge
40 69993
+2 19998
cob=(3)
cfi=(108)
cfn=(436)
calls=9999 3028 
* 2188086
* 9999
* 29997
+1 29997
+1 29997
+1 29997
+1 29997
+1 19998
+4 19998

fn=(720) especial_max_array
20 420
+3 210
+1 525
+1 315
+1 7351354
-1 4194584
+1 1354
-1 5731
+2 105
+1 210

fn=(658) find_path
5 30
+1 5
+2 10
+2 30
cfi=(145)
cfn=(660)
calls=5 +95 
* 355
+1 5
+1 56
+1 168
cfi=(145)
cfn=(660)
calls=28 +92 
* 3708
-2 330
+4 15
cob=(3)
cfi=(108)
cfn=(608)
calls=5 3086 
* 1186
* 5
+1 15

fn=(698) print_stack
117 20
+2 5
+1 99
cfi=(145)
cfn=(700)
calls=33 -25 
* 3368
* 132
+1 198
cob=(3)
cfi=(157)
cfn=(664)
calls=33 -93 
* 22382
* 33
-2 152
+4 10
cob=(3)
cfi=(170)
cfn=(706)
calls=5 -98 
* 1015
* 5
+1 15

fl=(152) /home/ragon/Documentos/Trabalho_Ratton/COS242-Grafos/algorithms2_list.c
fn=(640) dijkstra_list
102 660
+1 110
+1 110
+3 440
cob=(3)
cfi=(108)
cfn=(436)
calls=110 3028 
* 23869
* 110
* 330
+4 440
cob=(3)
cfi=(108)
cfn=(436)
calls=110 3028 
* 22550
* 110
* 330
+4 220
+1 6600000
+1 6600000
-2 4400330
+5 220
cob=(3)
cfi=(108)
cfn=(436)
calls=110 3028 
* 4744
* 110
* 330
+4 550
cfi=(145)
cfn=(642)
calls=110 -3 
* 26466978
+1 330
+1 330
+1 660
cfi=(145)
cfn=(646)
calls=110 +79 
* 118356
+1 660
+4 110
+2 8800000
+1 9900000
+1 1100000
+1 155833920
+1 253230120
+1 22761343
cfi=(145)
cfn=(646)
calls=2069213 +67 
* 311237295
+1 18622917
+2 6207639
-6 4138426
+6 52230081
-6 37020054
+8 3300000
cob=(3)
cfi=(108)
cfn=(608)
calls=1100000 3086 
* 77000000
* 1100000
-12 3300330
cfi=(145)
cfn=(648)
calls=1100110 +28 
* 1535361655
* 3300330
+15 220
cob=(3)
cfi=(108)
cfn=(436)
calls=110 3028 
* 4510
* 110
* 330
+4 330
cfi=(154) /home/ragon/Documentos/Trabalho_Ratton/COS242-Grafos/cleaners.c
cfn=(654) clean_PQ
calls=110 -97 
* 39639
+1 330
+1 440
+1 110
+2 220

fn=(638) shortest_path_w
7 60
+5 5
+1 10
+2 30
cfn=(640)
calls=5 +87 
* 115786413
* 5
+1 15
+1 15
+1 30
+1 45
+3 30
cfi=(156)
cfn=(658)
calls=5 -17 
* 5918
+2 20
cob=(3)
cfi=(108)
cfn=(608)
calls=5 3086 
* 570
* 5
+1 15
cob=(3)
cfi=(108)
cfn=(608)
calls=5 3086 
* 350
* 5
+1 15
+13 30
+1 25

fn=(718) eccentricity_list
240 735
+3 210
+9 210
+4 630
cfn=(640)
calls=105 102 
* 2432946923
* 105
+1 315
+1 525
cfi=(156)
cfn=(720)
calls=105 20 
* 11554808
* 210
+1 420
cob=(3)
cfi=(108)
cfn=(608)
calls=105 3086 
* 13650
* 105
+1 525
cob=(3)
cfi=(108)
cfn=(608)
calls=105 3086 
* 30450
* 105
+1 315
cob=(3)
cfi=(108)
cfn=(608)
calls=105 3086 
* 7350
* 105
+1 210
+5 210

fn=(740) minimum_spanning_tree_list
159 6
+1 1
+3 4
cob=(3)
cfi=(108)
cfn=(436)
calls=1 3028 
* 205
* 1
* 3
+4 2
+1 60000
-1 40003
+6 2
cob=(3)
cfi=(108)
cfn=(436)
calls=1 3028 
* 41
* 1
* 3
+4 5
cfi=(145)
cfn=(642)
calls=1 -56 
* 240609
+1 3
+1 3
+3 1
+1 5
cfi=(145)
cfn=(646)
calls=1 +23 
* 736
+3 3
cfi=(145)
cfn=(648)
calls=1 -26 
* 202
* 1
+1 8
+3 1
+1 16
+1 20
+1 20
cfi=(145)
cfn=(646)
calls=2 +13 
* 1389
+1 18
+2 6
-6 6
+8 3
cob=(3)
cfi=(108)
cfn=(608)
calls=1 3086 
* 70
* 1
+3 2
+1 1
+2 79992
+1 79992
+1 29997
+1 29997
+1 29997
+1 89991
cfi=(156)
cfn=(742)
calls=9999 40 
* 2478057
* 9999
+1 9999
+1 1416656
+1 1868176
+1 232190
cfi=(145)
cfn=(646)
calls=23219 -7 
* 6906622
+1 208971
+2 69657
-6 46438
+6 461589
-6 327724
+8 29997
cob=(3)
cfi=(108)
cfn=(608)
calls=9999 3086 
* 699930
* 9999
-16 30000
cfi=(145)
cfn=(648)
calls=10000 -42 
* 13775512
* 30000
+21 4
cob=(3)
cfi=(107)
cfn=(432)
calls=1 88 
* 385
* 1
* 1
+1 8
cob=(3)
cfi=(179)
cfn=(746)
calls=1 27 
* 3157
* 1
+1 1
+2 129987
cob=(3)
cfi=(179)
cfn=(746)
calls=9999 27 
* 23128289
* 9999
+1 29997
+1 29997
cob=(3)
cfi=(108)
cfn=(608)
calls=9999 3086 
* 869811
* 9999
+1 19998
-5 20000
+7 3
cob=(3)
cfi=(108)
cfn=(608)
calls=1 3086 
* 119
* 1
+1 3
cob=(3)
cfi=(148)
cfn=(594)
calls=1 34 
* 609
* 1
+1 3
cfi=(154)
cfn=(654)
calls=1 54 
* 619594
+2 3

fl=(105)
fn=(426)
18 6
+2 1
+1 6
cfi=(106)
cfn=(428)
calls=1 +52 
* 235124199
* 1
+24 2
cob=(3)
cfi=(150)
cfn=(618)
calls=1 -12 
* 3047
* 1
+1 9
cfi=(152)
cfn=(638)
calls=1 -39 
* 23159449
* 3
+1 6
cob=(3)
cfi=(157)
cfn=(664)
calls=1 -19 
* 2353
* 1
+1 4
cfi=(156)
cfn=(698)
calls=1 +69 
* 5002
+1 9
cfi=(152)
cfn=(638)
calls=1 -42 
* 23158561
* 3
+1 6
cob=(3)
cfi=(157)
cfn=(664)
calls=1 -22 
* 2859
* 1
+1 4
cfi=(156)
cfn=(698)
calls=1 +66 
* 5768
+1 9
cfi=(152)
cfn=(638)
calls=1 -45 
* 23158460
* 3
+1 6
cob=(3)
cfi=(157)
cfn=(664)
calls=1 -25 
* 2353
* 1
+1 4
cfi=(156)
cfn=(698)
calls=1 +63 
* 5830
+1 9
cfi=(152)
cfn=(638)
calls=1 -48 
* 23158865
* 3
+1 6
cob=(3)
cfi=(157)
cfn=(664)
calls=1 -28 
* 2353
* 1
+1 4
cfi=(156)
cfn=(698)
calls=1 +60 
* 6658
+1 9
cfi=(152)
cfn=(638)
calls=1 -51 
* 23158276
* 3
+1 6
cob=(3)
cfi=(157)
cfn=(664)
calls=1 -31 
* 2144
* 1
+1 4
cfi=(156)
cfn=(698)
calls=1 +57 
* 4176
+1 2
cob=(3)
cfi=(150)
cfn=(618)
calls=1 -28 
* 528
* 1
+1 2
cob=(3)
cfi=(150)
cfn=(618)
calls=1 -29 
* 538
* 1
+3 8
cfi=(152)
cfn=(718)
calls=1 240 
* 23276190
* 2
+1 8
cfi=(152)
cfn=(718)
calls=1 240 
* 23287626
* 2
+1 8
cfi=(152)
cfn=(718)
calls=1 240 
* 23273334
* 2
+1 8
cfi=(152)
cfn=(718)
calls=1 240 
* 23284155
* 2
+1 8
cfi=(152)
cfn=(718)
calls=1 240 
* 23272481
* 2
+1 2
+1 45
cob=(3)
cfi=(157)
cfn=(664)
calls=5 -43 
* 16416
* 5
-1 17
+3 2
cob=(3)
cfi=(150)
cfn=(618)
calls=1 -40 
* 528
* 1
+1 2
cob=(3)
cfi=(150)
cfn=(618)
calls=1 -41 
* 533
* 1
+2 2
+3 2
+2 100
cob=(3)
cfi=(173)
cfn=(724)
calls=100 -55 
* 5294
* 100
* 400
+1 100
cob=(3)
cfi=(176)
cfn=(732)
calls=100 -57 
* 4500
* 100
* 100
+1 700
cfi=(152)
cfn=(718)
calls=100 240 
* 2328164330
+1 100
cob=(3)
cfi=(176)
cfn=(732)
calls=100 -59 
* 4500
* 100
* 100
+1 800
-6 302
+8 6
cob=(3)
cfi=(157)
cfn=(664)
calls=1 -59 
* 2449
* 1
+1 2
cob=(3)
cfi=(150)
cfn=(618)
calls=1 -55 
* 528
* 1
+1 2
cob=(3)
cfi=(150)
cfn=(618)
calls=1 -56 
* 533
* 1
+2 1
cob=(3)
cfi=(176)
cfn=(732)
calls=1 -66 
* 45
* 1
* 1
+1 6
cfi=(152)
cfn=(740)
calls=1 +67 
* 54166854
+1 1
cob=(3)
cfi=(176)
cfn=(732)
calls=1 -68 
* 45
* 1
* 1
+1 6
+1 6
cob=(3)
cfi=(157)
cfn=(664)
calls=1 -67 
* 2429
* 1
+2 5
cfi=(154)
cfn=(748) free_w_list
calls=1 -94 
* 26609351
+2 1
+1 5

fl=(154)
fn=(748)
3 5
+4 2
+1 60000
+1 10000
+1 531252
+1 531252
cob=(3)
cfi=(108)
cfn=(608)
calls=177084 3086 
* 15406308
* 177084
+1 354168
-3 374168
-2 40003
+8 3
cob=(3)
cfi=(108)
cfn=(608)
calls=1 3086 
* 9125102
* 1
+1 3

fn=(654)
54 444
+1 333
+1 333
+1 333
cob=(3)
cfi=(108)
cfn=(608)
calls=111 3086 
* 633566
* 111
+1 333
cob=(3)
cfi=(108)
cfn=(608)
calls=111 3086 
* 15105
* 111
+1 333
cob=(3)
cfi=(108)
cfn=(608)
calls=111 3086 
* 7787
* 111
+1 333

ob=(4)
fl=(83)
fn=(316)
32 2
-1 1
+1 2
-1 2
fi=(86) /build/glibc-OTsEL5/glibc-2.27/math/../sysdeps/x86_64/fpu/multiarch/e_asin.c
+2 1
fe=(83)

fn=(326)
32 2
-1 1
+1 2
-1 2
fi=(86)
-6 1
fe=(83)

fn=(304)
32 2
-1 1
+1 2
-1 2
fi=(84) /build/glibc-OTsEL5/glibc-2.27/math/../sysdeps/x86_64/fpu/multiarch/e_pow.c
-7 1
fe=(83)

fl=(78)
fn=(298)
30 1
-1 1
+1 2
-1 4

fn=(292)
30 1
-1 1
+1 2
-1 3
fi=(208) /build/glibc-OTsEL5/glibc-2.27/math/../sysdeps/x86_64/fpu/multiarch/e_logf.c
-3 1
fe=(78)

fn=(296)
30 1
-1 1
+1 2
-1 3
fi=(209) /build/glibc-OTsEL5/glibc-2.27/math/../sysdeps/x86_64/fpu/multiarch/s_sincosf.c
-3 1
fe=(78)

fn=(280)
30 1
-1 1
+1 2
-1 3
fi=(210) /build/glibc-OTsEL5/glibc-2.27/math/../sysdeps/x86_64/fpu/multiarch/s_cosf.c
-3 1
fe=(78)

fn=(286)
30 1
-1 1
+1 2
-1 3
fi=(211) /build/glibc-OTsEL5/glibc-2.27/math/../sysdeps/x86_64/fpu/multiarch/e_expf.c
-3 1
fe=(78)

fn=(308)
30 1
-1 1
+1 2
-1 3
fi=(212) /build/glibc-OTsEL5/glibc-2.27/math/../sysdeps/x86_64/fpu/multiarch/e_log2f.c
-3 1
fe=(78)

fn=(330)
30 1
-1 1
+1 2
-1 3
fi=(213) /build/glibc-OTsEL5/glibc-2.27/math/../sysdeps/x86_64/fpu/multiarch/e_exp2f.c
-3 1
fe=(78)

fn=(320)
30 1
-1 1
+1 2
-1 3
fi=(214) /build/glibc-OTsEL5/glibc-2.27/math/../sysdeps/x86_64/fpu/multiarch/s_sinf.c
-3 1
fe=(78)

fl=(79)
fn=(334)
33 2
-1 1
+1 2
-1 2
fi=(87) /build/glibc-OTsEL5/glibc-2.27/math/../sysdeps/x86_64/fpu/multiarch/e_atan2.c
-8 1
fe=(79)

fn=(310)
33 2
-1 1
+1 2
-1 2
fi=(85) /build/glibc-OTsEL5/glibc-2.27/math/../sysdeps/x86_64/fpu/multiarch/e_log.c
-8 1
fe=(79)

fn=(338)
33 2
-1 1
+1 2
-1 2
fi=(81) /build/glibc-OTsEL5/glibc-2.27/math/../sysdeps/x86_64/fpu/multiarch/s_sin.c
-5 1
fe=(79)

fn=(288)
33 2
-1 1
+1 2
-1 2
fi=(81)
+2 1
fe=(79)

fn=(282)
33 2
-1 1
+1 2
-1 2
fi=(80) /build/glibc-OTsEL5/glibc-2.27/math/../sysdeps/x86_64/fpu/multiarch/e_exp.c
-8 1
fe=(79)

fl=(98)
fn=(798)
0 8
cob=(2)
cfi=(18)
cfn=(804)
calls=1 0 
0 75
0 1
cfn=(808) 0x000000000000bc40
calls=1 0 
0 8
0 3

fn=(808)
0 8

fn=(392)
0 17

fl=(82)
fn=(332)
29 5
fi=(215) /build/glibc-OTsEL5/glibc-2.27/math/../sysdeps/x86_64/fpu/multiarch/s_truncf.c
+1 1
fe=(82)

fn=(314)
29 5
fi=(216) /build/glibc-OTsEL5/glibc-2.27/math/../sysdeps/x86_64/fpu/multiarch/s_rintf.c
+1 1
fe=(82)

fn=(324)
29 5
fi=(217) /build/glibc-OTsEL5/glibc-2.27/math/../sysdeps/x86_64/fpu/multiarch/s_floor.c
+1 1
fe=(82)

fn=(302)
29 5
fi=(218) /build/glibc-OTsEL5/glibc-2.27/math/../sysdeps/x86_64/fpu/multiarch/s_ceil.c
+1 1
fe=(82)

fn=(300)
29 5
fi=(219) /build/glibc-OTsEL5/glibc-2.27/math/../sysdeps/x86_64/fpu/multiarch/s_ceilf.c
+1 1
fe=(82)

fn=(322)
29 5
fi=(220) /build/glibc-OTsEL5/glibc-2.27/math/../sysdeps/x86_64/fpu/multiarch/s_floorf.c
+1 1
fe=(82)

fn=(294)
29 5
fi=(221) /build/glibc-OTsEL5/glibc-2.27/math/../sysdeps/x86_64/fpu/multiarch/s_rint.c
+1 1
fe=(82)

fn=(342)
29 5
fi=(222) /build/glibc-OTsEL5/glibc-2.27/math/../sysdeps/x86_64/fpu/multiarch/s_trunc.c
+1 1
fe=(82)

totals: 2876501954
