3856.000000
449 450 15.000000
510 509 15.000000
820 819 14.000000
821 820 15.000000
817 818 15.000000
244 243 14.000000
908 909 14.000000
491 490 14.000000
987 988 14.000000
645 646 14.000000
868 869 14.000000
642 641 14.000000
375 374 5.000000
376 375 4.000000
377 376 14.000000
53 52 1.000000
54 53 13.000000
55 54 14.000000
161 160 13.000000
550 551 13.000000
85 84 13.000000
963 962 2.000000
964 963 9.000000
965 964 13.000000
170 169 13.000000
866 865 13.000000
953 952 13.000000
804 805 13.000000
774 775 13.000000
341 342 13.000000
42 43 12.000000
41 42 13.000000
453 454 11.000000
452 453 8.000000
451 452 6.000000
489 451 12.000000
270 269 12.000000
799 800 12.000000
577 576 12.000000
629 628 12.000000
706 705 10.000000
707 706 3.000000
708 707 12.000000
777 778 12.000000
602 603 12.000000
802 801 12.000000
846 845 7.000000
847 846 8.000000
848 847 12.000000
867 866 12.000000
463 462 11.000000
464 463 12.000000
535 534 12.000000
731 732 6.000000
730 731 12.000000
899 900 3.000000
898 899 3.000000
897 898 12.000000
843 842 12.000000
271 270 12.000000
151 152 12.000000
685 684 12.000000
966 965 11.000000
734 733 11.000000
654 653 11.000000
741 740 11.000000
337 338 11.000000
596 597 11.000000
541 542 11.000000
544 543 11.000000
959 958 11.000000
292 489 11.000000
950 951 11.000000
19 20 2.000000
18 19 11.000000
220 219 11.000000
262 605 11.000000
601 602 11.000000
291 292 11.000000
792 793 11.000000
738 739 11.000000
998 997 11.000000
134 135 11.000000
824 823 11.000000
995 994 8.000000
996 995 11.000000
810 809 1.000000
811 810 6.000000
812 811 11.000000
720 216 10.000000
324 325 10.000000
912 913 10.000000
729 730 10.000000
276 277 10.000000
323 324 10.000000
110 111 9.000000
109 110 10.000000
980 979 10.000000
600 601 10.000000
427 426 10.000000
32 31 10.000000
885 862 10.000000
341 340 10.000000
309 310 10.000000
256 257 6.000000
258 256 2.000000
259 258 10.000000
736 735 10.000000
633 632 10.000000
574 575 10.000000
760 761 10.000000
275 276 10.000000
440 441 10.000000
237 238 9.000000
726 725 9.000000
432 431 9.000000
727 726 9.000000
121 120 5.000000
122 121 9.000000
29 30 6.000000
37 29 9.000000
33 32 7.000000
34 33 9.000000
353 354 9.000000
563 562 9.000000
742 743 9.000000
421 420 9.000000
12 13 9.000000
949 950 9.000000
702 701 9.000000
594 595 9.000000
573 572 9.000000
493 494 4.000000
492 493 9.000000
367 366 9.000000
709 708 9.000000
503 504 9.000000
439 440 9.000000
356 357 9.000000
756 757 9.000000
656 657 9.000000
592 593 9.000000
599 598 9.000000
766 767 9.000000
611 612 9.000000
578 579 9.000000
753 752 9.000000
626 627 9.000000
938 937 2.000000
939 938 4.000000
940 939 9.000000
907 908 4.000000
906 907 9.000000
667 666 2.000000
668 667 9.000000
540 541 8.000000
467 468 8.000000
624 623 8.000000
473 472 8.000000
779 780 8.000000
889 890 2.000000
888 889 4.000000
887 888 8.000000
703 702 8.000000
202 203 6.000000
297 202 8.000000
903 904 8.000000
825 824 8.000000
699 698 8.000000
184 185 8.000000
45 46 8.000000
826 827 8.000000
703 704 8.000000
558 559 6.000000
557 558 8.000000
197 198 8.000000
517 516 8.000000
189 190 8.000000
745 744 8.000000
513 512 8.000000
921 920 8.000000
539 540 8.000000
312 311 7.000000
839 840 7.000000
492 491 7.000000
825 826 7.000000
240 239 7.000000
35 34 7.000000
867 868 7.000000
526 248 7.000000
838 837 7.000000
830 831 7.000000
858 436 7.000000
21 413 7.000000
680 681 7.000000
960 959 7.000000
817 870 1.000000
184 817 7.000000
427 806 7.000000
191 192 7.000000
164 163 7.000000
99 98 2.000000
100 99 7.000000
589 590 5.000000
588 589 7.000000
363 362 7.000000
745 746 7.000000
759 758 7.000000
574 573 7.000000
651 652 7.000000
475 474 6.000000
476 475 2.000000
477 476 7.000000
80 79 7.000000
266 267 7.000000
17 16 7.000000
553 552 7.000000
131 130 7.000000
92 91 7.000000
852 853 7.000000
181 126 6.000000
924 923 6.000000
157 158 6.000000
860 861 1.000000
821 860 6.000000
102 103 6.000000
17 18 6.000000
941 470 6.000000
763 762 6.000000
990 989 6.000000
406 407 6.000000
858 857 6.000000
132 131 6.000000
405 406 6.000000
825 399 6.000000
404 405 5.000000
403 404 6.000000
933 934 6.000000
977 976 1.000000
978 977 6.000000
797 289 6.000000
36 35 6.000000
872 871 6.000000
177 178 2.000000
176 177 6.000000
882 883 6.000000
45 44 6.000000
714 713 6.000000
514 515 6.000000
175 174 3.000000
176 175 6.000000
465 464 6.000000
587 588 6.000000
348 347 6.000000
137 136 6.000000
133 132 6.000000
38 37 4.000000
39 38 6.000000
305 304 6.000000
364 365 6.000000
8 9 6.000000
299 300 3.000000
200 299 6.000000
496 495 6.000000
124 123 2.000000
125 124 6.000000
955 956 6.000000
587 586 6.000000
518 519 1.000000
517 518 6.000000
401 402 6.000000
896 897 6.000000
72 71 6.000000
564 565 6.000000
935 936 6.000000
990 991 6.000000
852 95 6.000000
236 235 1.000000
242 236 5.000000
629 630 5.000000
253 254 5.000000
931 144 5.000000
242 241 1.000000
161 242 5.000000
364 469 5.000000
187 186 5.000000
154 153 2.000000
996 154 3.000000
996 122 2.000000
330 996 1.000000
331 330 2.000000
332 331 5.000000
57 56 5.000000
233 234 3.000000
233 232 3.000000
781 233 5.000000
314 315 5.000000
843 223 3.000000
797 843 5.000000
112 113 5.000000
313 314 4.000000
312 313 5.000000
954 955 3.000000
854 954 3.000000
47 854 1.000000
48 47 3.000000
49 48 1.000000
50 49 3.000000
51 50 5.000000
129 128 5.000000
89 90 5.000000
446 447 5.000000
88 89 5.000000
109 108 5.000000
422 421 5.000000
649 195 5.000000
638 637 5.000000
696 206 5.000000
639 638 5.000000
397 398 5.000000
455 456 5.000000
742 741 5.000000
448 449 2.000000
204 448 4.000000
204 193 4.000000
137 204 1.000000
260 137 5.000000
755 754 5.000000
438 439 4.000000
437 438 5.000000
749 750 5.000000
720 719 2.000000
720 721 1.000000
631 720 5.000000
549 550 5.000000
649 924 5.000000
352 353 5.000000
548 549 5.000000
690 691 5.000000
480 217 5.000000
679 678 5.000000
459 686 5.000000
390 940 5.000000
532 531 5.000000
373 894 5.000000
333 332 5.000000
261 429 5.000000
998 999 5.000000
321 320 5.000000
1000 948 5.000000
290 291 5.000000
457 458 4.000000
457 503 3.000000
457 517 2.000000
23 457 1.000000
22 23 5.000000
261 617 5.000000
919 918 5.000000
260 259 5.000000
134 625 5.000000
425 424 1.000000
215 425 2.000000
214 215 4.000000
393 214 5.000000
571 675 1.000000
570 571 5.000000
68 67 5.000000
567 566 5.000000
569 568 1.000000
570 569 2.000000
55 570 5.000000
560 561 3.000000
693 560 5.000000
648 647 5.000000
508 507 3.000000
505 508 3.000000
194 505 4.000000
496 403 4.000000
802 125 4.000000
903 990 1.000000
496 903 1.000000
969 496 4.000000
250 249 3.000000
251 250 4.000000
782 497 4.000000
14 15 4.000000
59 60 4.000000
544 465 4.000000
478 477 4.000000
850 851 4.000000
396 596 4.000000
396 244 1.000000
328 396 2.000000
327 328 2.000000
326 327 4.000000
390 389 4.000000
863 864 4.000000
305 306 4.000000
825 443 4.000000
673 674 4.000000
886 887 4.000000
672 673 4.000000
880 879 4.000000
796 797 4.000000
212 213 4.000000
848 849 3.000000
919 848 4.000000
906 905 4.000000
228 616 4.000000
200 825 4.000000
944 943 1.000000
807 944 4.000000
547 400 4.000000
279 100 4.000000
815 814 4.000000
967 966 4.000000
969 968 1.000000
969 385 1.000000
658 969 4.000000
387 386 4.000000
86 658 4.000000
286 285 4.000000
86 85 3.000000
784 86 4.000000
829 753 4.000000
391 392 2.000000
390 391 4.000000
378 377 2.000000
547 378 4.000000
699 700 4.000000
188 187 4.000000
838 839 3.000000
557 838 1.000000
145 557 4.000000
722 723 4.000000
355 356 4.000000
446 196 4.000000
718 717 4.000000
145 41 4.000000
294 293 4.000000
76 75 4.000000
554 555 4.000000
322 323 4.000000
523 522 1.000000
226 523 4.000000
148 149 2.000000
147 148 2.000000
146 147 4.000000
619 618 3.000000
620 619 1.000000
621 620 4.000000
168 639 4.000000
251 305 4.000000
655 524 4.000000
191 769 3.000000
260 437 3.000000
260 191 2.000000
261 260 4.000000
73 729 3.000000
83 73 4.000000
302 303 4.000000
941 829 3.000000
182 506 3.000000
654 998 3.000000
442 487 3.000000
776 247 3.000000
961 960 3.000000
318 770 2.000000
317 318 3.000000
621 645 3.000000
644 370 3.000000
322 321 3.000000
317 316 2.000000
742 949 2.000000
742 317 1.000000
435 742 3.000000
279 629 3.000000
322 581 1.000000
877 322 3.000000
433 25 3.000000
878 877 3.000000
372 659 3.000000
460 459 2.000000
460 224 1.000000
461 460 3.000000
688 687 2.000000
82 83 2.000000
688 689 1.000000
81 688 2.000000
81 82 2.000000
665 81 3.000000
792 791 3.000000
662 663 3.000000
221 683 3.000000
221 728 2.000000
537 221 3.000000
885 884 3.000000
535 536 3.000000
633 446 3.000000
878 535 1.000000
133 878 3.000000
390 665 3.000000
350 222 3.000000
912 906 3.000000
6 722 2.000000
5 6 2.000000
390 5 3.000000
972 885 3.000000
967 390 2.000000
194 967 2.000000
502 194 3.000000
773 774 3.000000
610 609 3.000000
892 893 1.000000
337 892 2.000000
875 337 3.000000
387 388 3.000000
772 773 3.000000
972 973 3.000000
211 212 1.000000
210 211 3.000000
835 836 3.000000
835 834 3.000000
408 409 1.000000
7 408 3.000000
786 787 3.000000
371 372 3.000000
786 143 1.000000
677 786 3.000000
901 902 2.000000
151 901 3.000000
981 36 2.000000
151 981 2.000000
821 151 3.000000
859 830 3.000000
822 821 3.000000
358 339 3.000000
381 488 1.000000
417 381 3.000000
93 94 1.000000
92 93 1.000000
180 92 3.000000
359 358 3.000000
715 379 3.000000
188 189 3.000000
932 933 3.000000
360 361 3.000000
57 229 2.000000
140 57 2.000000
139 140 3.000000
283 282 3.000000
592 591 3.000000
69 70 3.000000
919 624 3.000000
412 411 3.000000
881 1000 3.000000
162 922 3.000000
677 676 1.000000
78 677 3.000000
915 914 2.000000
916 915 3.000000
661 660 3.000000
916 763 1.000000
66 916 1.000000
371 66 1.000000
695 371 2.000000
696 695 3.000000
401 648 3.000000
220 587 2.000000
220 961 1.000000
594 220 2.000000
856 594 1.000000
162 856 2.000000
155 162 3.000000
172 580 1.000000
171 172 1.000000
170 171 3.000000
671 672 3.000000
942 161 3.000000
326 14 2.000000
114 326 3.000000
335 334 3.000000
168 167 3.000000
874 875 3.000000
141 682 3.000000
24 101 3.000000
982 138 3.000000
636 635 3.000000
709 159 3.000000
433 265 3.000000
39 62 1.000000
738 39 3.000000
852 22 1.000000
978 852 2.000000
978 526 1.000000
367 978 2.000000
55 367 1.000000
947 183 1.000000
947 55 1.000000
946 947 1.000000
527 946 1.000000
528 527 3.000000
547 546 3.000000
467 611 3.000000
308 309 3.000000
281 280 3.000000
844 610 3.000000
205 613 3.000000
992 583 3.000000
287 288 3.000000
481 480 3.000000
633 525 3.000000
532 72 1.000000
911 532 3.000000
510 511 2.000000
227 882 1.000000
226 227 1.000000
225 226 2.000000
485 486 2.000000
633 114 2.000000
105 104 1.000000
351 105 2.000000
481 88 2.000000
359 360 2.000000
351 481 1.000000
808 351 2.000000
545 253 2.000000
784 808 2.000000
484 485 2.000000
640 789 2.000000
117 118 2.000000
925 926 2.000000
912 911 1.000000
734 912 2.000000
461 925 2.000000
928 473 2.000000
117 766 1.000000
910 117 2.000000
134 230 2.000000
251 28 2.000000
59 58 2.000000
850 930 2.000000
200 286 2.000000
393 844 1.000000
394 395 1.000000
394 393 1.000000
200 394 1.000000
200 199 1.000000
273 200 1.000000
784 273 2.000000
240 634 2.000000
64 461 2.000000
896 240 1.000000
896 112 1.000000
133 896 2.000000
434 631 2.000000
529 530 2.000000
442 434 2.000000
709 881 2.000000
921 876 2.000000
874 873 1.000000
644 874 2.000000
816 815 1.000000
68 816 2.000000
748 807 2.000000
245 246 1.000000
51 245 1.000000
919 51 2.000000
640 96 2.000000
201 382 2.000000
724 863 2.000000
795 201 2.000000
428 655 2.000000
387 97 2.000000
929 428 2.000000
106 107 2.000000
796 795 2.000000
141 218 2.000000
919 768 2.000000
760 957 2.000000
828 794 1.000000
165 828 2.000000
479 478 1.000000
205 479 1.000000
231 205 2.000000
106 737 2.000000
777 492 2.000000
383 384 1.000000
145 383 2.000000
312 283 2.000000
765 150 1.000000
621 765 2.000000
274 608 2.000000
971 970 2.000000
165 164 1.000000
133 165 2.000000
10 11 2.000000
336 335 1.000000
344 336 2.000000
694 929 2.000000
931 932 1.000000
255 432 1.000000
679 931 1.000000
255 607 1.000000
679 983 1.000000
679 680 1.000000
664 255 1.000000
694 679 1.000000
87 738 1.000000
87 694 1.000000
87 664 1.000000
287 87 1.000000
776 344 1.000000
776 287 1.000000
319 776 1.000000
266 319 2.000000
992 751 2.000000
266 106 1.000000
921 266 1.000000
182 921 2.000000
710 850 2.000000
264 670 2.000000
910 513 2.000000
115 139 2.000000
621 692 2.000000
709 710 2.000000
715 433 1.000000
715 714 1.000000
715 401 1.000000
734 715 1.000000
181 734 2.000000
772 179 2.000000
528 529 2.000000
364 363 2.000000
166 252 1.000000
777 945 1.000000
777 166 1.000000
528 777 1.000000
182 528 2.000000
435 716 2.000000
622 790 2.000000
832 833 1.000000
727 278 1.000000
727 170 1.000000
727 146 1.000000
261 832 1.000000
261 727 1.000000
872 261 2.000000
917 155 1.000000
271 917 2.000000
352 759 2.000000
563 301 2.000000
520 271 2.000000
980 606 2.000000
792 563 1.000000
792 412 1.000000
992 792 2.000000
263 262 2.000000
471 980 2.000000
599 626 2.000000
417 59 1.000000
197 867 1.000000
27 359 1.000000
650 649 1.000000
510 27 1.000000
651 650 1.000000
599 197 1.000000
65 651 1.000000
804 168 1.000000
510 636 1.000000
510 65 1.000000
435 804 1.000000
992 510 1.000000
599 600 1.000000
471 622 1.000000
435 599 1.000000
417 471 1.000000
724 435 1.000000
364 417 1.000000
520 521 1.000000
992 564 1.000000
724 520 1.000000
993 992 1.000000
993 724 1.000000
539 364 1.000000
539 538 1.000000
697 993 1.000000
697 696 1.000000
697 539 1.000000
803 697 2.000000
760 348 2.000000
380 263 2.000000
748 173 2.000000
455 690 2.000000
661 662 2.000000
545 544 2.000000
352 251 1.000000
788 352 2.000000
343 703 1.000000
180 343 2.000000
669 693 2.000000
297 577 2.000000
115 116 2.000000
760 467 1.000000
77 760 1.000000
184 77 2.000000
297 298 1.000000
297 296 1.000000
10 297 2.000000
307 514 2.000000
268 974 1.000000
268 10 1.000000
63 102 1.000000
484 268 1.000000
749 63 1.000000
483 484 1.000000
307 308 1.000000
788 745 1.000000
184 307 1.000000
8 669 1.000000
7 711 1.000000
7 184 1.000000
7 176 1.000000
7 8 1.000000
548 788 1.000000
982 7 1.000000
500 499 1.000000
498 548 1.000000
157 502 1.000000
656 498 1.000000
482 483 1.000000
387 127 1.000000
188 61 1.000000
500 841 1.000000
482 685 1.000000
984 349 1.000000
749 482 1.000000
368 984 1.000000
368 500 1.000000
699 119 1.000000
380 935 1.000000
228 466 1.000000
654 237 1.000000
74 953 1.000000
556 927 1.000000
748 747 1.000000
228 430 1.000000
427 748 1.000000
986 987 1.000000
228 427 1.000000
302 975 1.000000
264 709 1.000000
380 644 1.000000
380 40 1.000000
642 643 1.000000
380 156 1.000000
642 264 1.000000
231 986 1.000000
231 380 1.000000
228 642 1.000000
633 231 1.000000
661 228 1.000000
633 115 1.000000
942 782 1.000000
771 225 1.000000
188 302 1.000000
109 942 1.000000
971 188 1.000000
668 910 1.000000
803 971 1.000000
294 109 1.000000
415 414 1.000000
585 584 1.000000
294 295 1.000000
501 585 1.000000
501 294 1.000000
880 919 1.000000
445 501 1.000000
416 415 1.000000
796 545 1.000000
45 373 1.000000
442 796 1.000000
416 45 1.000000
416 21 1.000000
554 928 1.000000
419 416 1.000000
134 442 1.000000
872 718 1.000000
533 592 1.000000
783 872 1.000000
895 533 1.000000
756 755 1.000000
756 333 1.000000
781 895 1.000000
181 756 1.000000
813 17 1.000000
802 891 1.000000
812 813 1.000000
423 422 1.000000
181 182 1.000000
785 835 1.000000
783 181 1.000000
784 812 1.000000
784 783 1.000000
281 855 1.000000
785 12 1.000000
547 423 1.000000
941 784 1.000000
941 779 1.000000
699 785 1.000000
614 972 1.000000
210 209 1.000000
772 418 1.000000
699 80 1.000000
699 941 1.000000
699 290 1.000000
614 145 1.000000
614 76 1.000000
749 699 1.000000
346 345 1.000000
157 614 1.000000
281 749 1.000000
281 346 1.000000
157 578 1.000000
272 275 1.000000
671 985 1.000000
671 537 1.000000
281 157 1.000000
279 272 1.000000
397 671 1.000000
397 281 1.000000
329 279 1.000000
771 397 1.000000
982 329 1.000000
661 574 1.000000
781 982 1.000000
410 661 1.000000
547 134 1.000000
274 410 1.000000
633 547 1.000000
772 771 1.000000
210 633 1.000000
772 207 1.000000
74 210 1.000000
341 64 1.000000
26 419 1.000000
654 341 1.000000
772 355 1.000000
656 668 1.000000
772 274 1.000000
656 654 1.000000
656 284 1.000000
387 772 1.000000
803 656 1.000000
822 781 1.000000
78 803 1.000000
387 129 1.000000
78 802 1.000000
78 387 1.000000
880 822 1.000000
736 455 1.000000
640 764 1.000000
640 582 1.000000
142 615 1.000000
74 640 1.000000
78 142 1.000000
78 74 1.000000
26 556 1.000000
880 78 1.000000
859 26 1.000000
350 880 1.000000
444 445 1.000000
798 799 1.000000
859 858 1.000000
712 208 1.000000
553 554 1.000000
621 180 1.000000
24 553 1.000000
798 621 1.000000
312 24 1.000000
133 798 1.000000
368 369 1.000000
567 859 1.000000
736 368 1.000000
736 350 1.000000
68 444 1.000000
68 736 1.000000
712 312 1.000000
567 133 1.000000
68 69 1.000000
886 712 1.000000
886 567 1.000000
886 68 1.000000
141 886 1.000000
604 141 1.000000
4 604 1.000000
3 4 7.000000
2 3 5.000000
1 2 9.000000
